		3	1	3	1	1	1	2	4	1	3	9	8	3	9	1	1	5	1	6	1	1	1	5	8	9	37	6	2	2	3	18	18	16	8	6	3	5	1	1	1	11	1	1	1	8	1	1	7	1	1	1	2	1	1	2	1	2	1	1	1	2	1	1	8
		Jun {1.1.1}	Jun-, Maf-related {1.1.1},{1.1.3}	Fos {1.1.2}	Maf {1.1.3}	XBP1 {1.1.5}	ATF4 {1.1.6}	CREB {1.1.7}	C/EBP {1.1.8}	E2A {1.2.1}	MyoD-ASC {1.2.2}	Tal {1.2.3}	Hairy {1.2.4}	PAS {1.2.5}	bHLH-ZIP {1.2.6}	AP-2 {1.3.1}	Steroid HR {2.1.1}	Thyroid HR {2.1.2}	Thyroid,RXR receptors {2.1.2},{2.1.3}	RXR R {2.1.3}	NGFI (NR4A) {2.1.4}	FTZF1 (NR5A) {2.1.5}	GCNF (NR6) {2.1.6}	C4-GATA {2.2.1}	3-ZF Kruppel {2.3.1}	Other with up to 3 adj ZFs {2.3.2}	More than 3 adj ZFs {2.3.3}	Multiple dispersed ZFs {2.3.4}	BED ZF {2.3.5}	DMRT {2.5.1}	HD {3.1}	HOX {3.1.1}	NK {3.1.2}	Paired HD {3.1.3}	TALE-type HD {3.1.4}	HD-LIM {3.1.5}	HD-CUT {3.1.9}	POU {3.1.10}	Paired box {3.2}	PD+HD {3.2.1}	PD {3.2.2}	FOX {3.3.1}	RFX {3.3.3}	HSF {3.4.1}	Myb/SANT {3.5.1}	Ets {3.5.2}	TEF1 {3.6.1}	ARID {3.7.1}	SOX {4.1.1}	Responders to external signals {5.1.2}	DEAF {5.3.2}	RHR {6.1}	NFkappaB {6.1.1}	EBF {6.1.5}	STAT {6.2.1}	Runt {6.4.1}	Brachyury {6.5.1}	TBX1 {6.5.3}	TBX6 {6.5.5}	Grainyhead {6.7.1}	SMAD {7.1.1}	GCM {7.2.1}	TBP {8.1.1}	HMGA {8.2.1}	Unknown {0.0}
../up_orco4.tab vs. ../no_orco4.tab	1												34.125000																																																				
../up_orco4.tab vs. ../no_orco4.tab	2												17.062500																					8.531250																															
../up_orco4.tab vs. ../no_orco4.tab	3												11.375000																				5.055556	5.687500																															
../up_orco4.tab vs. ../no_orco4.tab	4												8.531250																			7.583333		4.265625																															
../up_orco4.tab vs. ../no_orco4.tab	5												6.825000																			3.033333		3.412500	6.825000	9.100000																													
../up_orco4.tab vs. ../no_orco4.tab	6												5.687500																			5.055556		5.687500		7.583333																													
../up_orco4.tab vs. ../no_orco4.tab	7												4.875000													4.333333						4.333333	2.166667	2.437500								3.545455																							
../up_orco4.tab vs. ../no_orco4.tab	8												8.531250																			1.895833	1.895833	2.132812	4.265625		11.375000					3.102273																							
../up_orco4.tab vs. ../no_orco4.tab	9											3.370370												6.066667			0.819820	5.055556		15.166667		3.370370			3.791667																														3.791667
../up_orco4.tab vs. ../no_orco4.tab	10											3.033333	3.412500														0.737838					3.033333	3.033333	1.706250	6.825000																														
../up_orco4.tab vs. ../no_orco4.tab	11									24.818182			3.102273													2.757576	0.670762					2.757576	2.757576	1.551136	3.102273	4.136364																													
../up_orco4.tab vs. ../no_orco4.tab	12	7.583333										5.055556		7.583333						3.791667				4.550000			1.844595	3.791667																	22.750000				3.250000																
../up_orco4.tab vs. ../no_orco4.tab	13	7.000000		7.000000								4.666667		7.000000						7.000000				4.200000			1.135135	3.500000														1.909091			21.000000																				
../up_orco4.tab vs. ../no_orco4.tab	14	6.500000		6.500000								4.333333		6.500000						6.500000				3.900000			1.581081	3.250000														1.772727			19.500000																				
../up_orco4.tab vs. ../no_orco4.tab	15	6.066667		6.066667								4.044444		6.066667						6.066667				3.640000			1.475676	6.066667														1.654545			18.200000																				
../up_orco4.tab vs. ../no_orco4.tab	16	5.687500		5.687500								5.687500		5.687500						5.687500				3.412500			1.383446	2.843750														1.551136			17.062500																				2.132812
../up_orco4.tab vs. ../no_orco4.tab	17	5.352941		5.352941								3.568627		5.352941						5.352941				3.211765		1.784314	1.302067	2.676471														1.459893			16.058824																	8.029412			2.007353
../up_orco4.tab vs. ../no_orco4.tab	18	5.055556		5.055556								5.055556		5.055556						5.055556				3.033333			1.639640	2.527778														1.378788			15.166667																	7.583333			1.895833
../up_orco4.tab vs. ../no_orco4.tab	19	4.789474		4.789474			14.368421					4.789474		4.789474						4.789474				2.873684			1.553343	2.394737														1.306220			14.368421																	7.184211			1.796053
../up_orco4.tab vs. ../no_orco4.tab	20	4.550000										4.550000		4.550000						4.550000					1.706250	1.516667	1.844595	2.275000														1.240909			13.650000				1.950000														13.650000		1.706250
../up_orco4.tab vs. ../no_orco4.tab	21	4.333333										4.333333		4.333333		13.000000			13.000000	4.333333					1.625000	1.444444	1.405405	2.166667														2.363636			13.000000				1.857143																1.625000
../up_orco4.tab vs. ../no_orco4.tab	22	4.136364										2.757576	3.102273	4.136364		12.409091			12.409091	6.204545					1.551136		1.676904	2.068182														2.256198			12.409091				1.772727																
../up_orco4.tab vs. ../no_orco4.tab	23	3.956522										2.637681	2.967391	3.956522		11.869565			11.869565	5.934783					1.483696	1.318841	1.603995	1.978261														2.158103			11.869565				1.695652																
../up_orco4.tab vs. ../no_orco4.tab	24	3.791667										2.527778	2.843750	3.791667		11.375000			11.375000	5.687500				2.275000	1.421875	1.263889	1.537162	1.895833														2.068182			11.375000				1.625000																
../up_orco4.tab vs. ../no_orco4.tab	25	3.640000										2.426667	1.365000	3.640000		10.920000			10.920000	5.460000					1.365000	1.213333	1.475676	1.820000										2.184000				1.985455			10.920000				1.560000														10.920000		1.365000
../up_orco4.tab vs. ../no_orco4.tab	26	3.500000										2.333333	1.312500	3.500000		10.500000			10.500000	5.250000					2.625000	1.166667	1.418919	1.750000										2.100000				1.909091			10.500000				1.500000														10.500000		1.312500
../up_orco4.tab vs. ../no_orco4.tab	27	3.370370										3.370370	1.263889	3.370370		10.111111			10.111111	5.055556					2.527778	1.123457	1.366366	1.685185										2.022222				1.838384			10.111111				1.444444														10.111111		1.263889
../up_orco4.tab vs. ../no_orco4.tab	28	3.250000										3.250000	1.218750	3.250000		9.750000			9.750000	4.875000					2.437500	1.083333	1.317568	1.625000										1.950000				2.659091			9.750000				1.392857														9.750000		1.218750
../up_orco4.tab vs. ../no_orco4.tab	29	3.137931										3.137931	1.176724	3.137931	1.045977	9.413793			9.413793	3.137931		9.413793			2.353448	1.045977	1.526561	1.568966														2.567398			9.413793				1.344828														9.413793		1.176724
../up_orco4.tab vs. ../no_orco4.tab	30	3.033333										3.033333	2.275000	3.033333	1.011111	9.100000			9.100000	3.033333		9.100000			2.275000	1.011111	1.475676	1.516667														2.481818			9.100000				1.300000														9.100000		1.137500
../up_orco4.tab vs. ../no_orco4.tab	31	2.935484										2.935484	2.201613	2.935484	0.978495	8.806452			8.806452	2.935484		8.806452			2.201613	1.956989	1.428073	1.467742														2.401760			8.806452				1.258065														8.806452		1.100806
../up_orco4.tab vs. ../no_orco4.tab	32	2.843750										2.843750	2.132812	5.687500	0.947917	8.531250			8.531250	4.265625					2.132812	0.947917	1.383446	1.421875														3.102273			8.531250				1.218750														8.531250		1.066406
../up_orco4.tab vs. ../no_orco4.tab	33	2.757576										2.757576	2.068182	5.515152	0.919192	8.272727			8.272727	4.136364				1.654545	2.068182	0.919192	1.341523	1.378788														3.008264			8.272727				1.181818														8.272727		1.034091
../up_orco4.tab vs. ../no_orco4.tab	34	2.676471										2.676471	2.007353	5.352941	0.892157	8.029412			8.029412	4.014706		8.029412		1.605882	2.007353	0.892157	1.302067	1.338235														2.919786			8.029412				1.147059														8.029412		1.003676
../up_orco4.tab vs. ../no_orco4.tab	35	2.600000										2.600000	1.950000	5.200000	0.866667	7.800000	7.800000		7.800000	3.900000		7.800000		1.560000	1.950000	0.866667	1.264865	1.300000														2.836364			7.800000				1.114286														7.800000		0.975000
../up_orco4.tab vs. ../no_orco4.tab	36	2.527778										2.527778	1.895833	5.055556	0.842593	7.583333	7.583333		7.583333	3.791667		7.583333			1.895833	1.685185	1.229730	1.263889			2.527778							1.516667				2.068182			7.583333				1.083333														7.583333		0.947917
../up_orco4.tab vs. ../no_orco4.tab	37	2.459459										2.459459	1.844595	4.918919	1.639640	7.378378			7.378378	3.689189		7.378378			1.844595	1.639640	1.196494	1.229730			2.459459							1.475676				2.683047			7.378378				1.054054														7.378378		0.922297
../up_orco4.tab vs. ../no_orco4.tab	38	2.394737										2.394737	1.796053	4.789474	1.596491	7.184211	7.184211		7.184211	3.592105		7.184211			1.796053	1.596491	1.165007	1.197368			2.394737							1.436842				2.612440			7.184211				1.026316														7.184211		0.898026
../up_orco4.tab vs. ../no_orco4.tab	39	2.333333										2.333333	1.750000	4.666667	1.555556	7.000000	7.000000		7.000000	3.500000		7.000000		1.400000	1.750000	1.555556	1.135135	1.166667			2.333333							1.400000				2.545455			7.000000				1.000000														7.000000		0.875000
../up_orco4.tab vs. ../no_orco4.tab	40	2.275000										2.275000	1.706250	4.550000	1.516667	6.825000			6.825000	3.412500		6.825000		1.365000	1.706250	1.516667	1.106757	1.137500			2.275000							1.365000				2.481818			6.825000				0.975000											6.825000		3.412500	6.825000		0.853125
../up_orco4.tab vs. ../no_orco4.tab	41	2.219512										2.219512	1.664634	4.439024	1.479675	6.658537	6.658537		6.658537	3.329268		6.658537		1.331707	1.664634	1.479675	1.079763	1.109756			2.219512							1.331707				2.421286			6.658537				0.951220											6.658537		3.329268	6.658537		0.832317
../up_orco4.tab vs. ../no_orco4.tab	42	2.166667										2.166667	1.625000	4.333333	1.444444	6.500000	6.500000		6.500000	3.250000		6.500000		1.300000	1.625000	1.444444	1.229730	1.083333			2.166667							1.300000				2.363636			6.500000				0.928571											6.500000		3.250000	6.500000		0.812500
../up_orco4.tab vs. ../no_orco4.tab	43	4.232558				6.348837						2.116279	1.587209	4.232558	1.410853	6.348837			6.348837	3.174419		6.348837			1.587209	1.410853	1.201131	1.058140			2.116279							1.269767				2.308668			6.348837	0.793605			0.906977											6.348837		3.174419	6.348837		0.793605
../up_orco4.tab vs. ../no_orco4.tab	44	4.136364				6.204545						2.068182	1.551136	4.136364	1.378788	6.204545			6.204545	3.102273		6.204545		1.240909	1.551136	1.378788	1.173833	1.034091			2.068182							1.240909				2.256198			6.204545	0.775568			0.886364											6.204545		3.102273	6.204545		0.775568
../up_orco4.tab vs. ../no_orco4.tab	45	4.044444				6.066667						2.022222	1.516667	4.044444	1.348148	6.066667			6.066667	3.033333	6.066667	6.066667			1.516667	1.348148	1.147748	2.022222			2.022222							1.213333				2.206061			6.066667	0.758333			0.866667											6.066667		3.033333	6.066667		0.758333
../up_orco4.tab vs. ../no_orco4.tab	46	3.956522				5.934783		2.967391				1.978261	1.483696	3.956522	1.318841	5.934783			5.934783	2.967391	5.934783	5.934783			1.483696	1.318841	1.122797	1.978261			1.978261							1.186957				2.158103			5.934783	0.741848			0.847826											5.934783		2.967391	5.934783		0.741848
../up_orco4.tab vs. ../no_orco4.tab	47	3.872340				5.808511		2.904255				1.936170	1.452128	3.872340	1.290780	5.808511	5.808511		5.808511	2.904255	5.808511	5.808511			1.452128	1.290780	0.941921	1.936170			1.936170							1.161702	5.808511			2.112186			5.808511	0.726064			0.829787											5.808511		2.904255	5.808511		0.726064
../up_orco4.tab vs. ../no_orco4.tab	48	3.791667				5.687500		2.843750				1.895833	1.421875	3.791667	1.263889	5.687500	5.687500		5.687500	2.843750	5.687500	5.687500			1.421875	1.263889	1.076014	1.895833			1.895833			0.355469				1.137500				2.068182			5.687500	0.710938			0.812500											5.687500		2.843750	5.687500		0.710938
../up_orco4.tab vs. ../no_orco4.tab	49	3.714286				5.571429		2.785714				1.857143	1.392857	3.714286	1.238095	5.571429	5.571429		5.571429	2.785714	5.571429	5.571429			1.392857	1.238095	1.054054	1.857143			1.857143			0.348214				1.114286				2.025974		5.571429	5.571429	0.696429			0.795918											5.571429		2.785714	5.571429		0.696429
../up_orco4.tab vs. ../no_orco4.tab	50	3.640000				5.460000		2.730000				1.820000	1.365000	3.640000	1.213333	5.460000	5.460000		5.460000	2.730000	5.460000	5.460000			1.365000	1.213333	0.885405	1.820000			1.820000			0.341250				1.092000	5.460000			1.985455		5.460000	5.460000	0.682500			1.560000											5.460000		2.730000	5.460000		0.682500
