		3	1	3	1	1	1	2	4	1	3	9	8	3	9	1	1	5	1	6	1	1	1	5	8	9	37	6	2	2	3	18	18	16	8	6	3	5	1	1	1	11	1	1	1	8	1	1	7	1	1	1	2	1	1	2	1	2	1	1	1	2	1	1	8
		Jun {1.1.1}	Jun-, Maf-related {1.1.1},{1.1.3}	Fos {1.1.2}	Maf {1.1.3}	XBP1 {1.1.5}	ATF4 {1.1.6}	CREB {1.1.7}	C/EBP {1.1.8}	E2A {1.2.1}	MyoD-ASC {1.2.2}	Tal {1.2.3}	Hairy {1.2.4}	PAS {1.2.5}	bHLH-ZIP {1.2.6}	AP-2 {1.3.1}	Steroid HR {2.1.1}	Thyroid HR {2.1.2}	Thyroid,RXR receptors {2.1.2},{2.1.3}	RXR R {2.1.3}	NGFI (NR4A) {2.1.4}	FTZF1 (NR5A) {2.1.5}	GCNF (NR6) {2.1.6}	C4-GATA {2.2.1}	3-ZF Kruppel {2.3.1}	Other with up to 3 adj ZFs {2.3.2}	More than 3 adj ZFs {2.3.3}	Multiple dispersed ZFs {2.3.4}	BED ZF {2.3.5}	DMRT {2.5.1}	HD {3.1}	HOX {3.1.1}	NK {3.1.2}	Paired HD {3.1.3}	TALE-type HD {3.1.4}	HD-LIM {3.1.5}	HD-CUT {3.1.9}	POU {3.1.10}	Paired box {3.2}	PD+HD {3.2.1}	PD {3.2.2}	FOX {3.3.1}	RFX {3.3.3}	HSF {3.4.1}	Myb/SANT {3.5.1}	Ets {3.5.2}	TEF1 {3.6.1}	ARID {3.7.1}	SOX {4.1.1}	Responders to external signals {5.1.2}	DEAF {5.3.2}	RHR {6.1}	NFkappaB {6.1.1}	EBF {6.1.5}	STAT {6.2.1}	Runt {6.4.1}	Brachyury {6.5.1}	TBX1 {6.5.3}	TBX6 {6.5.5}	Grainyhead {6.7.1}	SMAD {7.1.1}	GCM {7.2.1}	TBP {8.1.1}	HMGA {8.2.1}	Unknown {0.0}
../up_peb4.tab vs. ../no_peb4.tab	1																															15.166667																																	
../up_peb4.tab vs. ../no_peb4.tab	2																																7.583333			22.750000																													
../up_peb4.tab vs. ../no_peb4.tab	3																															5.055556	5.055556			15.166667																													
../up_peb4.tab vs. ../no_peb4.tab	4										22.750000																1.844595						7.583333																																
../up_peb4.tab vs. ../no_peb4.tab	5																															6.066667		3.412500	6.825000	9.100000																													
../up_peb4.tab vs. ../no_peb4.tab	6																										1.229730					2.527778	2.527778	2.843750	5.687500																													45.500000	
../up_peb4.tab vs. ../no_peb4.tab	7									39.000000																					13.000000	2.166667	4.333333	2.437500	4.875000																														
../up_peb4.tab vs. ../no_peb4.tab	8											3.791667												6.825000		3.791667				17.062500					12.796875																														4.265625
../up_peb4.tab vs. ../no_peb4.tab	9	10.111111																6.066667		5.055556				6.066667			0.819820											6.066667			30.333333																30.333333								3.791667
../up_peb4.tab vs. ../no_peb4.tab	10	9.100000																5.460000		4.550000				5.460000		3.033333	0.737838											5.460000			27.300000																27.300000								3.412500
../up_peb4.tab vs. ../no_peb4.tab	11	8.272727																4.963636		4.136364				4.963636		2.757576	0.670762											4.963636			24.818182																24.818182								6.204545
../up_peb4.tab vs. ../no_peb4.tab	12	7.583333																4.550000		3.791667				4.550000		2.527778	0.614865											4.550000			22.750000																22.750000		22.750000						5.687500
../up_peb4.tab vs. ../no_peb4.tab	13	7.000000																4.200000		3.500000				4.200000		2.333333	0.567568											4.200000			21.000000								3.000000								21.000000		21.000000						5.250000
../up_peb4.tab vs. ../no_peb4.tab	14	6.500000													2.166667			3.900000		3.250000				3.900000		2.166667	0.527027											3.900000			19.500000																19.500000		19.500000	19.500000					4.875000
../up_peb4.tab vs. ../no_peb4.tab	15	6.066667													2.022222			3.640000		3.033333				3.640000		2.022222	0.491892											3.640000			18.200000								2.600000								18.200000		18.200000	18.200000					4.550000
../up_peb4.tab vs. ../no_peb4.tab	16	5.687500											4.265625		1.895833			6.825000		2.843750				3.412500		1.895833	0.461149											3.412500			17.062500																17.062500			17.062500		8.531250			2.132812
../up_peb4.tab vs. ../no_peb4.tab	17	5.352941											4.014706		1.784314			6.423529		2.676471				3.211765		1.784314	0.434022											3.211765			16.058824																16.058824		16.058824	16.058824		8.029412			2.007353
../up_peb4.tab vs. ../no_peb4.tab	18	5.055556											3.791667		1.685185			6.066667		2.527778				3.033333		1.685185	0.819820											3.033333			15.166667																15.166667		15.166667	15.166667		7.583333			1.895833
../up_peb4.tab vs. ../no_peb4.tab	19	4.789474											3.592105		1.596491			5.747368		2.394737				2.873684		1.596491	0.776671											2.873684			14.368421																14.368421	7.184211	14.368421	14.368421		7.184211			1.796053
../up_peb4.tab vs. ../no_peb4.tab	20	4.550000													3.033333			5.460000		2.275000				2.730000		1.516667	0.368919						0.758333					2.730000			13.650000											13.650000					13.650000		13.650000	13.650000		6.825000	13.650000		3.412500
../up_peb4.tab vs. ../no_peb4.tab	21	4.333333						6.500000							2.888889			5.200000		2.166667		13.000000				1.444444	0.351351			6.500000								2.600000			13.000000											13.000000					13.000000		13.000000	13.000000		6.500000			4.875000
../up_peb4.tab vs. ../no_peb4.tab	22	4.136364						6.204545					1.551136	4.136364	2.757576			4.963636		4.136364		12.409091				2.757576	0.335381			6.204545								2.481818			12.409091											12.409091					12.409091	6.204545							3.102273
../up_peb4.tab vs. ../no_peb4.tab	23	3.956522						5.934783					1.483696	3.956522	2.637681			4.747826		3.956522		11.869565				2.637681	0.320799			5.934783								2.373913			11.869565											11.869565					11.869565	5.934783							4.451087
../up_peb4.tab vs. ../no_peb4.tab	24	3.791667						5.687500					1.421875	3.791667	3.791667			4.550000		3.791667		11.375000				2.527778	0.307432			5.687500								2.275000			11.375000											11.375000					11.375000	5.687500							4.265625
../up_peb4.tab vs. ../no_peb4.tab	25	3.640000						10.920000				1.213333	2.730000		2.426667			4.368000		3.640000		10.920000		2.184000		2.426667	0.295135											2.184000			10.920000											10.920000					10.920000		10.920000			5.460000			2.730000
../up_peb4.tab vs. ../no_peb4.tab	26	3.500000						10.500000				1.166667	2.625000		2.333333			4.200000		3.500000		10.500000		2.100000		2.333333	0.567568											2.100000			10.500000											10.500000					10.500000		10.500000			5.250000			2.625000
../up_peb4.tab vs. ../no_peb4.tab	27	3.370370						10.111111				2.246914	2.527778		2.246914			4.044444		3.370370		10.111111		2.022222		2.246914	0.546547											2.022222			10.111111											10.111111					10.111111		10.111111			5.055556			2.527778
../up_peb4.tab vs. ../no_peb4.tab	28	3.250000						9.750000					1.218750	3.250000	2.166667			3.900000		3.250000		9.750000		1.950000		2.166667	1.054054			4.875000								1.950000			9.750000	0.886364										9.750000					9.750000								3.656250
../up_peb4.tab vs. ../no_peb4.tab	29	3.137931						9.413793					2.353448		3.137931			3.765517		3.137931		9.413793				2.091954	0.763281			4.706897								1.882759			9.413793											9.413793					9.413793	4.706897		9.413793		4.706897			3.530172
../up_peb4.tab vs. ../no_peb4.tab	30	3.033333						9.100000					2.275000		3.033333			3.640000		3.033333		9.100000				2.022222	0.983784			4.550000								1.820000			9.100000											9.100000					9.100000	4.550000		9.100000		4.550000			3.412500
../up_peb4.tab vs. ../no_peb4.tab	31	2.935484						8.806452					2.201613		2.935484			3.522581		2.935484		8.806452				1.956989	0.952049			4.403226								1.761290			8.806452	0.800587										8.806452					8.806452	4.403226		8.806452		4.403226			3.302419
../up_peb4.tab vs. ../no_peb4.tab	32	2.843750						8.531250					2.132812	2.843750	3.791667			3.412500		2.843750		8.531250				1.895833	0.691723			4.265625								1.706250			8.531250	1.551136										8.531250					8.531250	4.265625		8.531250					3.199219
../up_peb4.tab vs. ../no_peb4.tab	33	2.757576						8.272727					2.068182	2.757576	3.676768			3.309091		2.757576		8.272727				1.838384	0.894349			4.136364								1.654545			8.272727	1.504132										8.272727					8.272727	4.136364		8.272727					3.102273
../up_peb4.tab vs. ../no_peb4.tab	34	2.676471						8.029412					2.007353	2.676471	3.568627			3.211765		2.676471		8.029412				1.784314	0.868045			4.014706								1.605882			8.029412	1.459893										8.029412					8.029412	4.014706		8.029412		4.014706			3.011029
../up_peb4.tab vs. ../no_peb4.tab	35	2.600000						7.800000				0.866667	1.950000	2.600000	3.466667			3.120000		2.600000		7.800000				1.733333	0.843243			3.900000								1.560000			7.800000	1.418182										7.800000					7.800000	3.900000		7.800000		3.900000			2.925000
../up_peb4.tab vs. ../no_peb4.tab	36	2.527778						7.583333				0.842593	1.895833		3.370370			3.033333		2.527778		7.583333	7.583333			1.685185	1.024775			3.791667								1.516667			7.583333	1.378788										7.583333					7.583333	3.791667		7.583333		3.791667			2.843750
../up_peb4.tab vs. ../no_peb4.tab	37	2.459459						7.378378				0.819820	1.844595		3.279279			2.951351		2.459459		7.378378	7.378378			1.639640	0.997078			3.689189								1.475676			7.378378	1.341523							1.054054			7.378378					7.378378	3.689189		7.378378		3.689189			2.766892
../up_peb4.tab vs. ../no_peb4.tab	38	2.394737						7.184211				0.798246	1.796053	2.394737	3.192982			2.873684		2.394737		7.184211	7.184211			1.596491	0.970839			3.592105								1.436842			7.184211	1.306220							1.026316			7.184211					7.184211	3.592105		7.184211		3.592105			2.694079
../up_peb4.tab vs. ../no_peb4.tab	39	2.333333						7.000000				0.777778	1.750000	2.333333	3.111111			2.800000		2.333333		7.000000	7.000000			1.555556	0.945946			3.500000								2.800000			7.000000	1.272727							1.000000			7.000000					7.000000	3.500000		7.000000		3.500000			2.625000
../up_peb4.tab vs. ../no_peb4.tab	40	2.275000						6.825000				0.758333	1.706250	2.275000	3.033333			2.730000		2.275000		6.825000	6.825000	1.365000		1.516667	0.922297			3.412500								2.730000			6.825000	1.240909							0.975000			6.825000					6.825000	3.412500		6.825000		3.412500			2.559375
../up_peb4.tab vs. ../no_peb4.tab	41	2.219512						6.658537				0.739837	1.664634	2.219512	2.959350			2.663415		3.329268		6.658537	6.658537	1.331707		1.479675	0.899802			3.329268								2.663415			6.658537	1.210643							0.951220			6.658537					6.658537	3.329268		6.658537		3.329268			2.496951
../up_peb4.tab vs. ../no_peb4.tab	42	2.166667						6.500000				0.722222	1.625000	2.166667	2.888889		6.500000	2.600000		3.250000		6.500000	6.500000	1.300000		1.444444	0.878378			3.250000								2.600000			6.500000	1.181818							0.928571			6.500000					6.500000	3.250000		6.500000		3.250000			2.437500
../up_peb4.tab vs. ../no_peb4.tab	43	2.116279						6.348837				0.705426	1.587209	2.116279	2.821705		6.348837	2.539535		3.174419		6.348837	6.348837	1.269767		1.410853	1.029541			3.174419								2.539535			6.348837	1.154334							0.906977			6.348837					6.348837	3.174419		6.348837		3.174419			2.380814
../up_peb4.tab vs. ../no_peb4.tab	44	2.068182						6.204545				0.689394	1.551136	2.068182	3.446970		6.204545	2.481818		3.102273		6.204545	6.204545	1.240909		1.378788	1.006143			3.102273								2.481818			6.204545	1.128099							0.886364			6.204545					6.204545	3.102273		6.204545		3.102273			2.326705
