		3	1	3	1	1	1	2	4	1	3	9	8	3	9	1	1	5	1	6	1	1	1	5	8	9	37	6	2	2	3	18	18	16	8	6	3	5	1	1	1	11	1	1	1	8	1	1	7	1	1	1	2	1	1	2	1	2	1	1	1	2	1	1	8
		Jun {1.1.1}	Jun-, Maf-related {1.1.1},{1.1.3}	Fos {1.1.2}	Maf {1.1.3}	XBP1 {1.1.5}	ATF4 {1.1.6}	CREB {1.1.7}	C/EBP {1.1.8}	E2A {1.2.1}	MyoD-ASC {1.2.2}	Tal {1.2.3}	Hairy {1.2.4}	PAS {1.2.5}	bHLH-ZIP {1.2.6}	AP-2 {1.3.1}	Steroid HR {2.1.1}	Thyroid HR {2.1.2}	Thyroid,RXR receptors {2.1.2},{2.1.3}	RXR R {2.1.3}	NGFI (NR4A) {2.1.4}	FTZF1 (NR5A) {2.1.5}	GCNF (NR6) {2.1.6}	C4-GATA {2.2.1}	3-ZF Kruppel {2.3.1}	Other with up to 3 adj ZFs {2.3.2}	More than 3 adj ZFs {2.3.3}	Multiple dispersed ZFs {2.3.4}	BED ZF {2.3.5}	DMRT {2.5.1}	HD {3.1}	HOX {3.1.1}	NK {3.1.2}	Paired HD {3.1.3}	TALE-type HD {3.1.4}	HD-LIM {3.1.5}	HD-CUT {3.1.9}	POU {3.1.10}	Paired box {3.2}	PD+HD {3.2.1}	PD {3.2.2}	FOX {3.3.1}	RFX {3.3.3}	HSF {3.4.1}	Myb/SANT {3.5.1}	Ets {3.5.2}	TEF1 {3.6.1}	ARID {3.7.1}	SOX {4.1.1}	Responders to external signals {5.1.2}	DEAF {5.3.2}	RHR {6.1}	NFkappaB {6.1.1}	EBF {6.1.5}	STAT {6.2.1}	Runt {6.4.1}	Brachyury {6.5.1}	TBX1 {6.5.3}	TBX6 {6.5.5}	Grainyhead {6.7.1}	SMAD {7.1.1}	GCM {7.2.1}	TBP {8.1.1}	HMGA {8.2.1}	Unknown {0.0}
../up_orco1.tab vs. ../no_orco1.tab	1																															15.166667																																	
../up_orco1.tab vs. ../no_orco1.tab	2																																7.583333	8.531250																															
../up_orco1.tab vs. ../no_orco1.tab	3																														30.333333	10.111111																																	
../up_orco1.tab vs. ../no_orco1.tab	4																															7.583333	3.791667																		68.250000														
../up_orco1.tab vs. ../no_orco1.tab	5																															9.100000	6.066667																																
../up_orco1.tab vs. ../no_orco1.tab	6																															2.527778		8.531250		7.583333	15.166667																												
../up_orco1.tab vs. ../no_orco1.tab	7																										1.054054					6.500000		7.312500																															
../up_orco1.tab vs. ../no_orco1.tab	8																															1.895833		2.132812	12.796875	11.375000																												34.125000	
../up_orco1.tab vs. ../no_orco1.tab	9																									3.370370	0.819820					6.740741			3.791667	5.055556	10.111111																												
../up_orco1.tab vs. ../no_orco1.tab	10												3.412500																		9.100000	1.516667	4.550000	3.412500	3.412500																													27.300000	
../up_orco1.tab vs. ../no_orco1.tab	11								6.204545		8.272727		3.102273											9.927273			1.341523			12.409091		1.378788			3.102273																														3.102273
../up_orco1.tab vs. ../no_orco1.tab	12								5.687500		7.583333													9.100000			1.229730			11.375000			1.263889		2.843750													22.750000			22.750000														2.843750
../up_orco1.tab vs. ../no_orco1.tab	13					21.000000								7.000000												2.333333	2.270270							1.312500				4.200000		21.000000		3.818182											10.500000												
../up_orco1.tab vs. ../no_orco1.tab	14					19.500000								6.500000												2.166667	2.108108							1.218750				3.900000		19.500000		3.545455				2.437500							9.750000												
../up_orco1.tab vs. ../no_orco1.tab	15					18.200000								6.066667		18.200000										2.022222	1.967568							1.137500				3.640000		18.200000		3.309091				2.275000							9.100000												
../up_orco1.tab vs. ../no_orco1.tab	16					17.062500								5.687500		17.062500										1.895833	1.844595	2.843750						1.066406				3.412500		17.062500		3.102273				2.132812							8.531250												
../up_orco1.tab vs. ../no_orco1.tab	17					16.058824								5.352941		16.058824										1.784314	1.736089	2.676471						1.003676				3.211765		16.058824		2.919786				4.014706							8.029412												
../up_orco1.tab vs. ../no_orco1.tab	18					15.166667								5.055556		15.166667										1.685185	1.639640	2.527778						0.947917				3.033333		15.166667		2.757576				3.791667							7.583333	15.166667											
../up_orco1.tab vs. ../no_orco1.tab	19					14.368421								4.789474		14.368421									1.796053	1.596491	1.553343	2.394737						0.898026				2.873684		14.368421		2.612440				1.796053			2.052632				7.184211	14.368421											
../up_orco1.tab vs. ../no_orco1.tab	20					13.650000							1.706250	4.550000		13.650000									1.706250	1.516667	1.475676	2.275000						0.853125				2.730000		13.650000		3.722727							1.950000				6.825000	13.650000											
../up_orco1.tab vs. ../no_orco1.tab	21					13.000000								4.333333		13.000000		2.600000							1.625000	1.444444	1.756757	2.166667						0.812500				2.600000		13.000000		3.545455							1.857143				6.500000	13.000000											
../up_orco1.tab vs. ../no_orco1.tab	22					12.409091							1.551136	8.272727		12.409091									1.551136	1.378788	1.676904	2.068182						0.775568				2.481818		12.409091		3.384298							1.772727				6.204545	12.409091											
../up_orco1.tab vs. ../no_orco1.tab	23	3.956522	11.869565		11.869565	11.869565					3.956522	1.318841		3.956522	1.318841	11.869565		4.747826							2.967391		0.962397	1.978261										2.373913		11.869565		1.079051											5.934783	11.869565											1.483696
../up_orco1.tab vs. ../no_orco1.tab	24	3.791667	11.375000		11.375000	11.375000					3.791667	1.263889		3.791667	1.263889	11.375000		4.550000				11.375000			2.843750		0.922297	1.895833												11.375000		2.068182											5.687500	11.375000											1.421875
../up_orco1.tab vs. ../no_orco1.tab	25	3.640000	10.920000		10.920000	10.920000					3.640000	1.213333		3.640000	1.213333	10.920000		4.368000							2.730000		1.180541	1.820000										2.184000		10.920000		0.992727											5.460000	10.920000		5.460000									1.365000
../up_orco1.tab vs. ../no_orco1.tab	26		10.500000		10.500000	10.500000					3.500000	2.333333		3.500000	2.333333	10.500000		4.200000							2.625000		1.418919	1.750000												10.500000		0.954545											5.250000	10.500000		5.250000									1.312500
../up_orco1.tab vs. ../no_orco1.tab	27		10.111111		10.111111	10.111111					3.370370	2.246914		3.370370	2.246914	10.111111		4.044444							2.527778		1.366366	1.685185												10.111111		1.838384											5.055556	10.111111		5.055556									1.263889
../up_orco1.tab vs. ../no_orco1.tab	28		9.750000		9.750000	9.750000					3.250000	2.166667		6.500000	2.166667	9.750000		3.900000							2.437500		1.317568	1.625000												9.750000		1.772727											4.875000	9.750000		4.875000									1.218750
../up_orco1.tab vs. ../no_orco1.tab	29		9.413793		9.413793	9.413793					3.137931	2.091954		6.275862	2.091954	9.413793		3.765517		1.568966					2.353448		1.272134	1.568966												9.413793		1.711599											4.706897	9.413793		4.706897									1.176724
../up_orco1.tab vs. ../no_orco1.tab	30		9.100000		9.100000	9.100000					3.033333	2.022222		6.066667	2.022222	9.100000		3.640000		1.516667				1.820000	2.275000		1.229730	1.516667												9.100000		1.654545											4.550000	9.100000		4.550000									1.137500
../up_orco1.tab vs. ../no_orco1.tab	31		8.806452		8.806452	8.806452					2.935484	1.956989		5.870968	1.956989	8.806452		5.283871		1.467742				1.761290	2.201613		1.190061	1.467742												8.806452		1.601173											4.403226	8.806452		4.403226									1.100806
../up_orco1.tab vs. ../no_orco1.tab	32		8.531250		8.531250	8.531250					2.843750	1.895833		5.687500	1.895833	8.531250		5.118750		1.421875				1.706250	3.199219		1.152872	1.421875												8.531250		1.551136											4.265625	8.531250		4.265625									1.066406
../up_orco1.tab vs. ../no_orco1.tab	33		8.272727		8.272727	8.272727					2.757576	1.838384		5.515152	1.838384	8.272727		3.309091		2.757576		8.272727			4.136364	0.919192	1.117936	1.378788												8.272727		0.752066				1.034091							4.136364	8.272727											1.034091
../up_orco1.tab vs. ../no_orco1.tab	34		8.029412		8.029412	8.029412					2.676471	1.784314		5.352941	1.784314	8.029412		3.211765		2.676471		8.029412			4.014706	0.892157	1.085056	1.338235												8.029412		0.729947				1.003676			1.147059				4.014706	8.029412											1.003676
../up_orco1.tab vs. ../no_orco1.tab	35		7.800000		7.800000	7.800000					2.600000	0.866667	0.975000	5.200000	2.600000	7.800000		1.560000		1.300000					0.975000	0.866667	1.897297	1.300000												7.800000		2.127273				0.975000							3.900000	7.800000		3.900000				7.800000					
../up_orco1.tab vs. ../no_orco1.tab	36		7.583333		7.583333	7.583333					2.527778	0.842593	0.947917	5.055556	2.527778	7.583333		1.516667		1.263889					0.947917	0.842593	1.639640	1.263889						0.473958					7.583333	7.583333		2.068182				0.947917							3.791667	7.583333		3.791667				7.583333					
../up_orco1.tab vs. ../no_orco1.tab	37		7.378378		7.378378	7.378378					2.459459	1.639640		4.918919	1.639640	7.378378		4.427027		2.459459		7.378378			3.689189	1.639640	1.196494	1.229730												7.378378		0.670762				0.922297			1.054054				3.689189	7.378378											0.922297
../up_orco1.tab vs. ../no_orco1.tab	38		7.184211		7.184211	7.184211					2.394737	0.798246	0.898026	4.789474	2.394737	7.184211		2.873684		1.197368				1.436842	0.898026	0.798246	1.747511	1.197368												7.184211		1.959330		7.184211		0.898026							3.592105	7.184211		3.592105				7.184211					
../up_orco1.tab vs. ../no_orco1.tab	39		7.000000		7.000000	7.000000			1.750000		2.333333	0.777778	0.875000	4.666667	2.333333	7.000000		2.800000		1.166667				1.400000	0.875000	0.777778	1.702703	1.166667												7.000000		1.909091		7.000000		0.875000							3.500000	7.000000		3.500000				7.000000					
../up_orco1.tab vs. ../no_orco1.tab	40		6.825000		6.825000	6.825000			1.706250		2.275000	0.758333	0.853125	4.550000	2.275000	6.825000		2.730000		1.137500				1.365000	0.853125	0.758333	1.660135	1.137500						0.426563						6.825000		1.861364		6.825000		0.853125							3.412500	6.825000		3.412500				6.825000					
../up_orco1.tab vs. ../no_orco1.tab	41		6.658537		6.658537	6.658537			1.664634		2.219512	0.739837	0.832317	4.439024	2.219512			2.663415		1.109756				1.331707	0.832317	1.479675	1.619644	1.109756						0.416159						6.658537	6.658537	1.815965		6.658537		0.832317							3.329268	6.658537		3.329268				6.658537					
../up_orco1.tab vs. ../no_orco1.tab	42		6.500000		6.500000	6.500000			1.625000		2.166667	0.722222	0.812500	4.333333	2.166667			2.600000		2.166667				1.300000	0.812500	1.444444	1.581081	1.083333						0.406250						6.500000	6.500000	1.772727		6.500000		0.812500							3.250000	6.500000		3.250000				6.500000					
