		3	1	3	1	1	1	2	4	1	3	9	8	3	9	1	1	5	1	6	1	1	1	5	8	9	37	6	2	2	3	18	18	16	8	6	3	5	1	1	1	11	1	1	1	8	1	1	7	1	1	1	2	1	1	2	1	2	1	1	1	2	1	1	8
		Jun {1.1.1}	Jun-, Maf-related {1.1.1},{1.1.3}	Fos {1.1.2}	Maf {1.1.3}	XBP1 {1.1.5}	ATF4 {1.1.6}	CREB {1.1.7}	C/EBP {1.1.8}	E2A {1.2.1}	MyoD-ASC {1.2.2}	Tal {1.2.3}	Hairy {1.2.4}	PAS {1.2.5}	bHLH-ZIP {1.2.6}	AP-2 {1.3.1}	Steroid HR {2.1.1}	Thyroid HR {2.1.2}	Thyroid,RXR receptors {2.1.2},{2.1.3}	RXR R {2.1.3}	NGFI (NR4A) {2.1.4}	FTZF1 (NR5A) {2.1.5}	GCNF (NR6) {2.1.6}	C4-GATA {2.2.1}	3-ZF Kruppel {2.3.1}	Other with up to 3 adj ZFs {2.3.2}	More than 3 adj ZFs {2.3.3}	Multiple dispersed ZFs {2.3.4}	BED ZF {2.3.5}	DMRT {2.5.1}	HD {3.1}	HOX {3.1.1}	NK {3.1.2}	Paired HD {3.1.3}	TALE-type HD {3.1.4}	HD-LIM {3.1.5}	HD-CUT {3.1.9}	POU {3.1.10}	Paired box {3.2}	PD+HD {3.2.1}	PD {3.2.2}	FOX {3.3.1}	RFX {3.3.3}	HSF {3.4.1}	Myb/SANT {3.5.1}	Ets {3.5.2}	TEF1 {3.6.1}	ARID {3.7.1}	SOX {4.1.1}	Responders to external signals {5.1.2}	DEAF {5.3.2}	RHR {6.1}	NFkappaB {6.1.1}	EBF {6.1.5}	STAT {6.2.1}	Runt {6.4.1}	Brachyury {6.5.1}	TBX1 {6.5.3}	TBX6 {6.5.5}	Grainyhead {6.7.1}	SMAD {7.1.1}	GCM {7.2.1}	TBP {8.1.1}	HMGA {8.2.1}	Unknown {0.0}
../do_peb1.tab vs. ../no_peb1.tab	1																															15.166667																																	
../do_peb1.tab vs. ../no_peb1.tab	2																																7.583333			22.750000																													
../do_peb1.tab vs. ../no_peb1.tab	3																															5.055556				30.333333																													
../do_peb1.tab vs. ../no_peb1.tab	4																															3.791667	3.791667			22.750000																													
../do_peb1.tab vs. ../no_peb1.tab	5																															3.033333	3.033333			9.100000	18.200000											54.600000																	
../do_peb1.tab vs. ../no_peb1.tab	6																									5.055556	1.229730					2.527778	2.527778			7.583333															45.500000														
../do_peb1.tab vs. ../no_peb1.tab	7										13.000000													7.800000				6.500000		19.500000		2.166667																	5.571429																4.875000
../do_peb1.tab vs. ../no_peb1.tab	8										11.375000		4.265625											6.825000				5.687500		17.062500		1.895833																	4.875000																4.265625
../do_peb1.tab vs. ../no_peb1.tab	9										10.111111		3.791667											6.066667				5.055556		15.166667		1.685185																	4.333333																7.583333
../do_peb1.tab vs. ../no_peb1.tab	10								6.825000						3.033333					4.550000					3.412500	3.033333	0.737838											5.460000				2.481818			27.300000																		27.300000		
../do_peb1.tab vs. ../no_peb1.tab	11										8.272727													9.927273				4.136364		12.409091		2.757576		1.551136															3.545455																6.204545
../do_peb1.tab vs. ../no_peb1.tab	12										7.583333													9.100000				3.791667		11.375000		1.263889	2.527778		2.843750		7.583333												3.250000																2.843750
../do_peb1.tab vs. ../no_peb1.tab	13								5.250000						2.333333					3.500000					2.625000	2.333333	1.135135											4.200000				1.909091			21.000000							21.000000											21.000000		2.625000
../do_peb1.tab vs. ../no_peb1.tab	14								4.875000						2.166667					3.250000					2.437500	2.166667	1.054054											3.900000				1.772727			19.500000							19.500000											19.500000		4.875000
../do_peb1.tab vs. ../no_peb1.tab	15								4.550000						2.022222					3.033333			18.200000		2.275000	2.022222	0.983784											3.640000				1.654545			18.200000							18.200000											18.200000		4.550000
../do_peb1.tab vs. ../no_peb1.tab	16								4.265625						1.895833					2.843750			17.062500		4.265625	1.895833	0.922297											3.412500				1.551136			17.062500							17.062500											17.062500		4.265625
../do_peb1.tab vs. ../no_peb1.tab	17								4.014706						1.784314			3.211765		2.676471					4.014706	1.784314	1.302067											3.211765				1.459893			16.058824							16.058824											16.058824		4.014706
../do_peb1.tab vs. ../no_peb1.tab	18								3.791667						1.685185			3.033333		2.527778					3.791667	1.685185	1.639640											3.033333				1.378788			15.166667							15.166667											15.166667		3.791667
../do_peb1.tab vs. ../no_peb1.tab	19								3.592105						1.596491			2.873684		2.394737					3.592105	1.596491	1.553343	2.394737										2.873684				1.306220			14.368421							14.368421											14.368421		3.592105
../do_peb1.tab vs. ../no_peb1.tab	20								3.412500						1.516667			5.460000		2.275000					3.412500	1.516667	1.475676	2.275000										2.730000				1.240909			13.650000							13.650000											13.650000		3.412500
../do_peb1.tab vs. ../no_peb1.tab	21								3.250000		4.333333				1.444444			2.600000		4.333333			13.000000		3.250000	1.444444	1.405405											2.600000				1.181818										13.000000				6.500000							13.000000		3.250000
../do_peb1.tab vs. ../no_peb1.tab	22								3.102273		4.136364				1.378788		12.409091	2.481818		4.136364					3.102273	1.378788	1.341523											2.481818				1.128099		12.409091								12.409091				6.204545							12.409091		3.102273
../do_peb1.tab vs. ../no_peb1.tab	23								2.967391		3.956522				1.318841		11.869565	2.373913		3.956522					2.967391	1.318841	1.603995											2.373913				1.079051		11.869565								11.869565				5.934783							11.869565		2.967391
../do_peb1.tab vs. ../no_peb1.tab	24								2.843750		3.791667				1.263889		11.375000	2.275000		3.791667					2.843750	1.263889	1.537162						0.631944					2.275000				1.034091		11.375000								11.375000				5.687500							11.375000		2.843750
../do_peb1.tab vs. ../no_peb1.tab	25							5.460000	2.730000		3.640000	1.213333	1.365000		1.213333			2.184000		1.820000			10.920000		2.730000	1.213333	1.770811											2.184000				0.992727		10.920000								10.920000				5.460000							10.920000		1.365000
../do_peb1.tab vs. ../no_peb1.tab	26							5.250000	2.625000		3.500000	1.166667	1.312500		1.166667			4.200000		1.750000			10.500000		2.625000	1.166667	1.702703											2.100000				0.954545		10.500000								10.500000				5.250000							10.500000		1.312500
../do_peb1.tab vs. ../no_peb1.tab	27							5.055556	2.527778		3.370370	1.123457	1.263889		1.123457			4.044444		1.685185			10.111111		2.527778	1.123457	1.639640											2.022222				1.838384		10.111111								10.111111				5.055556							10.111111		1.263889
../do_peb1.tab vs. ../no_peb1.tab	28							4.875000	2.437500		3.250000	1.083333	1.218750		1.083333			3.900000		1.625000			9.750000		2.437500	1.083333	1.581081	1.625000										1.950000				1.772727		9.750000								9.750000				4.875000							9.750000		1.218750
../do_peb1.tab vs. ../no_peb1.tab	29	3.137931						4.706897	2.353448		3.137931	1.045977	1.176724		1.045977			3.765517		1.568966			9.413793		2.353448	1.045977	1.526561	1.568966										1.882759				1.711599		9.413793								9.413793				4.706897							9.413793		1.176724
../do_peb1.tab vs. ../no_peb1.tab	30	3.033333						4.550000	2.275000		3.033333	1.011111	1.137500		1.011111			3.640000		3.033333			9.100000		2.275000	1.011111	1.475676	1.516667										1.820000				1.654545		9.100000								9.100000				4.550000							9.100000		1.137500
../do_peb1.tab vs. ../no_peb1.tab	31	2.935484						4.403226	2.201613		2.935484	0.978495	1.100806		0.978495			3.522581		2.935484			8.806452		2.201613	0.978495	1.428073	1.467742										1.761290				1.601173		8.806452								8.806452				4.403226						4.403226	8.806452		1.100806
../do_peb1.tab vs. ../no_peb1.tab	32	2.843750						4.265625	2.132812		2.843750	0.947917	1.066406		0.947917			3.412500		2.843750			8.531250		2.132812	1.895833	1.383446	1.421875		4.265625								1.706250				2.326705										8.531250				4.265625							8.531250		1.066406
../do_peb1.tab vs. ../no_peb1.tab	33	2.757576						4.136364	2.068182		2.757576	0.919192	1.034091		0.919192			3.309091		2.757576			8.272727		2.068182	1.838384	1.341523	1.378788		4.136364								1.654545				2.256198		8.272727								8.272727				4.136364							8.272727		1.034091
../do_peb1.tab vs. ../no_peb1.tab	34	2.676471						4.014706	2.007353		2.676471	0.892157	1.003676		0.892157			3.211765		2.676471			8.029412		2.007353	1.784314	1.302067	1.338235		4.014706			0.446078					1.605882				2.919786										8.029412				4.014706							8.029412		1.003676
../do_peb1.tab vs. ../no_peb1.tab	35	2.600000						3.900000	1.950000		2.600000	0.866667	0.975000		0.866667			3.120000		2.600000			7.800000		1.950000	1.733333	1.264865	1.300000		3.900000			0.433333					1.560000				2.836364		7.800000								7.800000				3.900000							7.800000		0.975000
../do_peb1.tab vs. ../no_peb1.tab	36	2.527778						3.791667	1.895833		2.527778	0.842593	0.947917		0.842593			3.033333		2.527778			7.583333		1.895833	1.685185	1.229730	1.263889		3.791667			0.421296					1.516667				3.446970		7.583333								7.583333				3.791667							7.583333		0.947917
../do_peb1.tab vs. ../no_peb1.tab	37	2.459459						3.689189	1.844595		2.459459	0.819820	0.922297		0.819820			2.951351		2.459459		7.378378			1.844595	1.639640	1.395909	1.229730		3.689189			0.409910					1.475676				3.353808										7.378378				3.689189							7.378378		1.844595
../do_peb1.tab vs. ../no_peb1.tab	38	2.394737						3.592105	1.796053		2.394737	0.798246	0.898026		0.798246		7.184211	2.873684		2.394737					1.796053	1.596491	1.359175	1.197368		3.592105			0.399123					1.436842				3.265550		7.184211								7.184211				3.592105							7.184211		1.796053
../do_peb1.tab vs. ../no_peb1.tab	39	2.333333						3.500000	1.750000		2.333333	0.777778	0.875000		0.777778		7.000000	2.800000		2.333333		7.000000			1.750000	1.555556	1.324324	1.166667		3.500000			0.388889					1.400000				3.181818		7.000000								7.000000				3.500000							7.000000		1.750000
../do_peb1.tab vs. ../no_peb1.tab	40	2.275000						3.412500	1.706250		2.275000	0.758333	0.853125		0.758333		6.825000	4.095000		2.275000		6.825000			1.706250	1.516667	1.291216	1.137500		3.412500			0.379167					1.365000				3.102273		6.825000								6.825000				3.412500							6.825000		1.706250
../do_peb1.tab vs. ../no_peb1.tab	41	2.219512						3.329268	1.664634		2.219512	0.739837	0.832317		1.479675		6.658537	3.995122		2.219512		6.658537			1.664634	1.479675	1.259723	1.109756		3.329268			0.369919					1.331707				3.026608		6.658537								6.658537				3.329268							6.658537		1.664634
../do_peb1.tab vs. ../no_peb1.tab	42	2.166667						3.250000	1.625000		2.166667	0.722222	0.812500		1.444444		6.500000	3.900000		2.166667		6.500000			1.625000	1.444444	1.229730	1.083333		3.250000			0.361111					1.300000				2.954545		6.500000					0.928571			6.500000				3.250000							6.500000		1.625000
../do_peb1.tab vs. ../no_peb1.tab	43	2.116279						3.174419	1.587209		2.116279	0.705426	0.793605		1.410853		6.348837	3.809302		3.174419		6.348837			1.587209	1.410853	1.201131	1.058140		3.174419			0.352713					1.269767				2.885835		6.348837					0.906977			6.348837				3.174419							6.348837		1.587209
../do_peb1.tab vs. ../no_peb1.tab	44	2.068182						3.102273	1.551136		2.068182	0.689394	0.775568		1.378788		6.204545	3.722727		3.102273		6.204545			1.551136	1.378788	1.341523	1.034091		3.102273			0.344697					1.240909				2.820248		6.204545					0.886364			6.204545				3.102273							6.204545		1.551136
../do_peb1.tab vs. ../no_peb1.tab	45	2.022222						3.033333	1.516667		2.022222	0.674074	0.758333		2.022222		6.066667	3.640000		3.033333		6.066667			1.516667	1.348148	1.311712	1.011111		3.033333			0.337037					1.213333				2.757576		6.066667					0.866667			6.066667				3.033333							6.066667		1.516667
../do_peb1.tab vs. ../no_peb1.tab	46	1.978261						2.967391	1.483696		1.978261	0.659420	0.741848		1.978261		5.934783	3.560870		2.967391		5.934783			1.483696	1.318841	1.283196	0.989130		2.967391			0.329710					1.186957				2.697628		5.934783		0.741848			0.847826			5.934783				2.967391							5.934783		1.483696
../do_peb1.tab vs. ../no_peb1.tab	47	1.936170						2.904255	1.452128		1.936170	0.645390	0.726064		1.936170		5.808511	4.646809		2.904255		5.808511			1.452128	1.290780	1.255894	0.968085		2.904255			0.322695					1.161702				2.640232		5.808511		0.726064			0.829787			5.808511				2.904255							5.808511		1.452128
../do_peb1.tab vs. ../no_peb1.tab	48	1.895833						2.843750	2.843750		1.895833	0.631944	0.710938		1.895833		5.687500	4.550000		2.843750		5.687500			1.421875	1.263889	1.229730	0.947917		2.843750			0.315972					1.137500				2.585227		5.687500		0.710938			0.812500			5.687500				2.843750							5.687500		1.421875
../do_peb1.tab vs. ../no_peb1.tab	49	1.857143						2.785714	2.785714		1.857143	0.619048	1.392857		1.857143		5.571429	4.457143		2.785714		5.571429			1.392857	1.238095	1.204633	0.928571		2.785714			0.309524					1.114286				2.532468		5.571429		0.696429			0.795918			5.571429				2.785714							5.571429		1.392857
../do_peb1.tab vs. ../no_peb1.tab	50	1.820000						2.730000	2.730000		1.820000	0.606667	0.682500		1.820000		5.460000	4.368000		2.730000		5.460000		1.092000	1.365000	1.213333	1.180541	0.910000		2.730000			0.303333					1.092000				2.481818		5.460000		0.682500			0.780000			5.460000				2.730000						2.730000	5.460000		1.365000
