Data	AUCPR	Recall	Group size	0.05	0.10	0.15	0.20	0.25	0.30	0.35	0.40	0.45	0.50	0.55	0.60	0.65	0.70	0.75	0.80	0.85	0.90	0.95	1.00
../up_peb4.tab vs. ../no_peb4.tab	0.034252547026	Precision	1	0.500000	0.500000	0.769857	0.769857	0.769857	0.769857	0.769857	0.769857	0.769857	0.769857	0.769857	0.769857	0.769857	0.769857	0.769857	0.769857	0.769857	0.769857	0.769857	0.769857
../up_peb4.tab vs. ../no_peb4.tab	0.034252547026	Precision	2	0.500000	0.500000	0.769857	0.769857	0.769857	0.769857	0.769857	0.769857	0.769857	0.769857	0.769857	0.769857	0.769857	0.769857	0.769857	0.769857	0.769857	0.769857	0.769857	0.769857
../up_peb4.tab vs. ../no_peb4.tab	0.034252547026	Precision	3	0.500000	0.500000	0.769857	0.769857	0.769857	0.769857	0.769857	0.769857	0.769857	0.769857	0.769857	0.769857	0.769857	0.769857	0.769857	0.769857	0.769857	0.769857	0.769857	0.769857
../up_peb4.tab vs. ../no_peb4.tab	0.034252547026	Precision	4	0.500000	0.500000	0.769857	0.769857	0.769857	0.769857	0.769857	0.769857	0.769857	0.769857	0.769857	0.769857	0.769857	0.769857	0.769857	0.769857	0.769857	0.769857	0.769857	0.769857
../up_peb4.tab vs. ../no_peb4.tab	0.034252547026	Precision	5	0.500000	0.500000	0.769857	0.769857	0.769857	0.769857	0.769857	0.769857	0.769857	0.769857	0.769857	0.769857	0.769857	0.769857	0.769857	0.769857	0.769857	0.769857	0.769857	0.769857
../up_peb4.tab vs. ../no_peb4.tab	0.034252547026	Precision	6	0.500000	0.500000	0.769857	0.769857	0.769857	0.769857	0.769857	0.769857	0.769857	0.769857	0.769857	0.769857	0.769857	0.769857	0.769857	0.769857	0.769857	0.769857	0.769857	0.769857
../up_peb4.tab vs. ../no_peb4.tab	0.034252547026	Precision	7	0.500000	0.500000	0.769857	0.769857	0.769857	0.769857	0.769857	0.769857	0.769857	0.769857	0.769857	0.769857	0.769857	0.769857	0.769857	0.769857	0.769857	0.769857	0.769857	0.769857
../up_peb4.tab vs. ../no_peb4.tab	0.033319904304	Precision	8	0.500000	0.500000	0.767363	0.767363	0.767363	0.767363	0.531005	0.531005	0.531005	0.524082	0.524082	0.524082	0.517499	0.512784	0.512784	0.512784	0.512784	0.512784	0.512784	0.512784
../up_peb4.tab vs. ../no_peb4.tab	0.031319693009	Precision	9	0.646511	0.629340	0.620599	0.607602	0.576297	0.572912	0.558766	0.552336	0.548498	0.545985	0.547692	0.545749	0.536727	0.534704	0.530829	0.522974	0.514960	0.510485	0.507615	0.507615
../up_peb4.tab vs. ../no_peb4.tab	0.032512608731	Precision	10	0.646511	0.629340	0.620599	0.614016	0.587132	0.579991	0.569401	0.560778	0.557236	0.551583	0.545057	0.543368	0.538699	0.531519	0.528250	0.525777	0.516441	0.509033	0.505215	0.503879
../up_peb4.tab vs. ../no_peb4.tab	0.033655622418	Precision	11	0.661513	0.640864	0.613970	0.612949	0.590425	0.575903	0.572942	0.559108	0.555709	0.558950	0.548725	0.543533	0.540497	0.533857	0.527268	0.525034	0.518028	0.510479	0.505028	0.504258
../up_peb4.tab vs. ../no_peb4.tab	0.034397347271	Precision	12	0.661513	0.640864	0.613970	0.612949	0.602516	0.574308	0.576169	0.559748	0.561993	0.557959	0.550956	0.548165	0.542941	0.536049	0.529042	0.524154	0.519232	0.512439	0.505024	0.504504
../up_peb4.tab vs. ../no_peb4.tab	0.034778406159	Precision	13	0.661513	0.640864	0.613970	0.612949	0.602516	0.574308	0.576169	0.559748	0.561993	0.557959	0.550956	0.548165	0.542941	0.536049	0.529042	0.526762	0.526732	0.514889	0.506654	0.504731
../up_peb4.tab vs. ../no_peb4.tab	0.035066599602	Precision	14	0.647620	0.636683	0.606079	0.614992	0.605223	0.575190	0.567896	0.572750	0.557326	0.555866	0.552391	0.550054	0.543016	0.537021	0.533906	0.527112	0.522585	0.516728	0.510706	0.503245
../up_peb4.tab vs. ../no_peb4.tab	0.035371043707	Precision	15	0.647620	0.636683	0.606079	0.614992	0.605223	0.575190	0.567896	0.572750	0.557326	0.555866	0.552391	0.550054	0.543016	0.537021	0.533906	0.527112	0.524563	0.524410	0.512512	0.503921
../up_peb4.tab vs. ../no_peb4.tab	0.035674221967	Precision	16	0.682065	0.645789	0.624550	0.594154	0.598493	0.596837	0.583037	0.571660	0.570087	0.565014	0.555487	0.541223	0.542433	0.532032	0.530594	0.518619	0.518564	0.513973	0.510512	0.503592
../up_peb4.tab vs. ../no_peb4.tab	0.036126941483	Precision	17	0.682065	0.645789	0.624550	0.594154	0.598493	0.596837	0.583037	0.570762	0.569208	0.566429	0.556651	0.545196	0.543062	0.539558	0.531421	0.524243	0.518147	0.514340	0.510896	0.503264
../up_peb4.tab vs. ../no_peb4.tab	0.036554649286	Precision	18	0.682065	0.645789	0.625258	0.592237	0.597421	0.597597	0.589127	0.572895	0.566607	0.568868	0.558797	0.544829	0.539721	0.538361	0.533077	0.527078	0.520011	0.516514	0.513564	0.502351
../up_peb4.tab vs. ../no_peb4.tab	0.036666402696	Precision	19	0.682065	0.645789	0.625258	0.592237	0.597421	0.597597	0.589127	0.572895	0.566607	0.568868	0.558797	0.544829	0.539721	0.541789	0.532140	0.527078	0.520011	0.520232	0.514126	0.501981
../up_peb4.tab vs. ../no_peb4.tab	0.036739538909	Precision	20	0.679204	0.637514	0.628838	0.585718	0.595965	0.597132	0.584344	0.575716	0.568690	0.568445	0.563653	0.552177	0.542915	0.541771	0.533489	0.528039	0.520740	0.513704	0.509434	0.501868
../up_peb4.tab vs. ../no_peb4.tab	0.036887633518	Precision	21	0.680133	0.658911	0.646105	0.620840	0.595647	0.593116	0.585799	0.575337	0.566274	0.562116	0.559808	0.550203	0.541997	0.535165	0.532281	0.525181	0.518978	0.514682	0.508793	0.501752
../up_peb4.tab vs. ../no_peb4.tab	0.037088335185	Precision	22	0.694281	0.655817	0.639538	0.627663	0.595840	0.595462	0.594904	0.578624	0.570843	0.559197	0.554688	0.547561	0.537897	0.531018	0.531375	0.526898	0.521367	0.515695	0.510606	0.501152
../up_peb4.tab vs. ../no_peb4.tab	0.037362663645	Precision	23	0.698129	0.653936	0.639686	0.632882	0.596632	0.594107	0.592797	0.582459	0.572975	0.555548	0.551735	0.548081	0.540198	0.530156	0.530208	0.525881	0.524020	0.516112	0.508021	0.500687
../up_peb4.tab vs. ../no_peb4.tab	0.037428562522	Precision	24	0.698129	0.653936	0.639686	0.632882	0.596632	0.594107	0.592797	0.582459	0.572975	0.555548	0.551735	0.548081	0.540198	0.530156	0.530208	0.525881	0.523363	0.515134	0.508018	0.500571
../up_peb4.tab vs. ../no_peb4.tab	0.037584788846	Precision	25	0.693147	0.655766	0.639571	0.623940	0.588909	0.598141	0.599497	0.583188	0.574177	0.558299	0.555127	0.551057	0.540948	0.531991	0.528572	0.519718	0.518563	0.514793	0.510801	0.501798
../up_peb4.tab vs. ../no_peb4.tab	0.037716177400	Precision	26	0.693147	0.655766	0.639571	0.623940	0.588909	0.598141	0.599497	0.583188	0.574177	0.558299	0.555127	0.551057	0.540948	0.531991	0.528572	0.523872	0.519462	0.516361	0.511043	0.501470
../up_peb4.tab vs. ../no_peb4.tab	0.037808688312	Precision	27	0.693147	0.655766	0.639571	0.623940	0.588909	0.598141	0.599497	0.583188	0.574177	0.558299	0.555127	0.551057	0.540948	0.534170	0.527529	0.525472	0.519494	0.515797	0.510422	0.501388
../up_peb4.tab vs. ../no_peb4.tab	0.037862471211	Precision	28	0.711152	0.641784	0.633403	0.632092	0.615812	0.587324	0.586012	0.584034	0.566271	0.560861	0.547454	0.551554	0.544203	0.540272	0.533446	0.526940	0.520783	0.519411	0.515982	0.500388
../up_peb4.tab vs. ../no_peb4.tab	0.038000488195	Precision	29	0.719672	0.632080	0.625017	0.631430	0.619748	0.589577	0.588428	0.580468	0.572058	0.561559	0.554281	0.553075	0.548492	0.541863	0.532509	0.526212	0.518892	0.518532	0.510849	0.500908
../up_peb4.tab vs. ../no_peb4.tab	0.038099101846	Precision	30	0.719672	0.632080	0.625017	0.631430	0.619748	0.589577	0.588428	0.580468	0.572058	0.561559	0.554281	0.553075	0.548492	0.541863	0.532509	0.526212	0.524724	0.519402	0.510237	0.500735
../up_peb4.tab vs. ../no_peb4.tab	0.038204935112	Precision	31	0.719672	0.632080	0.625017	0.631430	0.619748	0.589577	0.588428	0.580468	0.572058	0.561559	0.554281	0.553075	0.547852	0.540962	0.535432	0.527113	0.524144	0.518573	0.509145	0.500388
../up_peb4.tab vs. ../no_peb4.tab	0.038369014353	Precision	32	0.719672	0.635417	0.623646	0.630281	0.618903	0.600420	0.582033	0.577310	0.573203	0.564316	0.556944	0.547561	0.549471	0.539551	0.534672	0.528136	0.522974	0.516182	0.510469	0.500388
../up_peb4.tab vs. ../no_peb4.tab	0.038429939196	Precision	33	0.719672	0.635417	0.623646	0.630281	0.618903	0.600420	0.582033	0.577310	0.573203	0.564316	0.558790	0.548297	0.549092	0.541501	0.536706	0.527820	0.522792	0.515641	0.511515	0.500302
../up_peb4.tab vs. ../no_peb4.tab	0.038452278347	Precision	34	0.719672	0.635417	0.623646	0.630281	0.618903	0.600420	0.582033	0.577310	0.577062	0.563145	0.556765	0.550170	0.548694	0.543168	0.537652	0.527259	0.520980	0.514116	0.512522	0.500215
../up_peb4.tab vs. ../no_peb4.tab	0.038468667254	Precision	35	0.719672	0.635417	0.623646	0.630281	0.618903	0.600420	0.582033	0.577310	0.577062	0.563145	0.556765	0.550170	0.548694	0.543168	0.537652	0.527559	0.521477	0.514734	0.511949	0.500172
../up_peb4.tab vs. ../no_peb4.tab	0.038499524762	Precision	36	0.719672	0.635417	0.623646	0.630281	0.618903	0.600420	0.582033	0.577310	0.577062	0.562887	0.557335	0.548906	0.549976	0.542380	0.536906	0.529250	0.521989	0.516311	0.511710	0.500258
../up_peb4.tab vs. ../no_peb4.tab	0.038510228652	Precision	37	0.719672	0.635417	0.623646	0.630281	0.618903	0.600420	0.582033	0.577310	0.577062	0.562887	0.557335	0.548906	0.549976	0.542380	0.536906	0.529250	0.521989	0.516311	0.511753	0.500258
../up_peb4.tab vs. ../no_peb4.tab	0.038521896451	Precision	38	0.719672	0.635417	0.623646	0.630281	0.618903	0.600420	0.582033	0.577310	0.577062	0.563145	0.556765	0.550170	0.548694	0.543168	0.534396	0.530340	0.521691	0.518273	0.512517	0.500172
../up_peb4.tab vs. ../no_peb4.tab	0.038530973260	Precision	39	0.719672	0.635417	0.623646	0.630281	0.618903	0.600420	0.582033	0.577310	0.577062	0.563145	0.556765	0.550170	0.548694	0.543168	0.534396	0.530340	0.521691	0.518273	0.513057	0.500085
../up_peb4.tab vs. ../no_peb4.tab	0.038535206421	Precision	40	0.719672	0.635417	0.623646	0.630281	0.618903	0.600420	0.582033	0.577310	0.577062	0.563145	0.556765	0.550170	0.548694	0.543168	0.534396	0.530340	0.521691	0.518273	0.513057	0.501652
../up_peb4.tab vs. ../no_peb4.tab	0.038537144172	Precision	41	0.719672	0.635417	0.623646	0.630281	0.618903	0.600420	0.582033	0.577310	0.577062	0.563145	0.556765	0.550170	0.548694	0.543168	0.534396	0.530340	0.521691	0.518273	0.513057	0.501346
../up_peb4.tab vs. ../no_peb4.tab	0.038538001782	Precision	42	0.719672	0.635417	0.623646	0.630281	0.618903	0.600420	0.582033	0.577310	0.577062	0.563145	0.556765	0.550170	0.548694	0.543168	0.534396	0.530340	0.521691	0.518273	0.513057	0.501259
../up_peb4.tab vs. ../no_peb4.tab	0.038538228076	Precision	43	0.719672	0.635417	0.623646	0.630281	0.618903	0.600420	0.582033	0.577310	0.577062	0.563145	0.556765	0.550170	0.548694	0.543168	0.534396	0.530340	0.521691	0.518273	0.513057	0.501692
../up_peb4.tab vs. ../no_peb4.tab	0.038538330422	Precision	44	0.719672	0.635417	0.623646	0.630281	0.618903	0.600420	0.582033	0.577310	0.577062	0.563145	0.556765	0.550170	0.548694	0.543168	0.534396	0.530340	0.521691	0.518273	0.513057	0.501692
../up_peb4.tab vs. ../no_peb4.tab	0.038538330422	Precision	45	0.719672	0.635417	0.623646	0.630281	0.618903	0.600420	0.582033	0.577310	0.577062	0.563145	0.556765	0.550170	0.548694	0.543168	0.534396	0.530340	0.521691	0.518273	0.513057	0.501692
../up_peb4.tab vs. ../no_peb4.tab	0.038538330422	Precision	46	0.719672	0.635417	0.623646	0.630281	0.618903	0.600420	0.582033	0.577310	0.577062	0.563145	0.556765	0.550170	0.548694	0.543168	0.534396	0.530340	0.521691	0.518273	0.513057	0.501692
../up_peb4.tab vs. ../no_peb4.tab	0.038538330422	Precision	47	0.719672	0.635417	0.623646	0.630281	0.618903	0.600420	0.582033	0.577310	0.577062	0.563145	0.556765	0.550170	0.548694	0.543168	0.534396	0.530340	0.521691	0.518273	0.513057	0.501692
../up_peb4.tab vs. ../no_peb4.tab	0.038538330422	Precision	48	0.719672	0.635417	0.623646	0.630281	0.618903	0.600420	0.582033	0.577310	0.577062	0.563145	0.556765	0.550170	0.548694	0.543168	0.534396	0.530340	0.521691	0.518273	0.513057	0.501692
../up_peb4.tab vs. ../no_peb4.tab	0.038538330422	Precision	49	0.719672	0.635417	0.623646	0.630281	0.618903	0.600420	0.582033	0.577310	0.577062	0.563145	0.556765	0.550170	0.548694	0.543168	0.534396	0.530340	0.521691	0.518273	0.513057	0.501692
../up_peb4.tab vs. ../no_peb4.tab	0.038538330422	Precision	50	0.719672	0.635417	0.623646	0.630281	0.618903	0.600420	0.582033	0.577310	0.577062	0.563145	0.556765	0.550170	0.548694	0.543168	0.534396	0.530340	0.521691	0.518273	0.513057	0.501692
