Data	AUCPR	Recall	Group size	0.05	0.10	0.15	0.20	0.25	0.30	0.35	0.40	0.45	0.50	0.55	0.60	0.65	0.70	0.75	0.80	0.85	0.90	0.95	1.00
../do_peb1.tab vs. ../no_peb1.tab	0.036096527943	Precision	1	0.500000	0.500000	0.772087	0.772087	0.772087	0.772087	0.772087	0.772087	0.772087	0.772087	0.772087	0.772087	0.772087	0.772087	0.772087	0.772087	0.772087	0.772087	0.772087	0.772087
../do_peb1.tab vs. ../no_peb1.tab	0.036096527943	Precision	2	0.500000	0.500000	0.772087	0.772087	0.772087	0.772087	0.772087	0.772087	0.772087	0.772087	0.772087	0.772087	0.772087	0.772087	0.772087	0.772087	0.772087	0.772087	0.772087	0.772087
../do_peb1.tab vs. ../no_peb1.tab	0.036096527943	Precision	3	0.500000	0.500000	0.772087	0.772087	0.772087	0.772087	0.772087	0.772087	0.772087	0.772087	0.772087	0.772087	0.772087	0.772087	0.772087	0.772087	0.772087	0.772087	0.772087	0.772087
../do_peb1.tab vs. ../no_peb1.tab	0.036096527943	Precision	4	0.500000	0.500000	0.772087	0.772087	0.772087	0.772087	0.772087	0.772087	0.772087	0.772087	0.772087	0.772087	0.772087	0.772087	0.772087	0.772087	0.772087	0.772087	0.772087	0.772087
../do_peb1.tab vs. ../no_peb1.tab	0.036096527943	Precision	5	0.500000	0.500000	0.772087	0.772087	0.772087	0.772087	0.772087	0.772087	0.772087	0.772087	0.772087	0.772087	0.772087	0.772087	0.772087	0.772087	0.772087	0.772087	0.772087	0.772087
../do_peb1.tab vs. ../no_peb1.tab	0.036096527943	Precision	6	0.500000	0.500000	0.772087	0.772087	0.772087	0.772087	0.772087	0.772087	0.772087	0.772087	0.772087	0.772087	0.772087	0.772087	0.772087	0.772087	0.772087	0.772087	0.772087	0.772087
../do_peb1.tab vs. ../no_peb1.tab	0.031173279326	Precision	7	0.500000	0.775782	0.775782	0.775782	0.547619	0.547619	0.540814	0.540814	0.533848	0.533848	0.527011	0.527011	0.522360	0.517654	0.513626	0.512241	0.512241	0.512241	0.512241	0.512241
../do_peb1.tab vs. ../no_peb1.tab	0.031343393618	Precision	8	0.500000	0.775782	0.775782	0.775782	0.547619	0.547619	0.540814	0.540814	0.533848	0.533848	0.527011	0.527011	0.522360	0.517654	0.513626	0.511171	0.511171	0.511171	0.511171	0.511171
../do_peb1.tab vs. ../no_peb1.tab	0.031423978084	Precision	9	0.500000	0.775782	0.775782	0.775782	0.547619	0.547619	0.540814	0.540814	0.533848	0.533848	0.527011	0.527011	0.522360	0.517654	0.512512	0.509589	0.508293	0.508293	0.508293	0.508293
../do_peb1.tab vs. ../no_peb1.tab	0.029737397483	Precision	10	0.695228	0.613239	0.603191	0.581833	0.564040	0.565746	0.563241	0.560933	0.553886	0.552422	0.541641	0.541599	0.532819	0.530874	0.523719	0.522060	0.511132	0.507652	0.505396	0.504896
../do_peb1.tab vs. ../no_peb1.tab	0.031397554866	Precision	11	0.500000	0.775782	0.775782	0.775782	0.547619	0.547619	0.540814	0.540814	0.533848	0.533848	0.527011	0.527011	0.522360	0.517654	0.512512	0.509589	0.508440	0.508440	0.508440	0.508440
../do_peb1.tab vs. ../no_peb1.tab	0.031374702149	Precision	12	0.500000	0.775782	0.775782	0.775782	0.547619	0.547619	0.540814	0.540814	0.533848	0.533848	0.527011	0.527011	0.522360	0.517654	0.513626	0.509998	0.507530	0.507530	0.507530	0.507530
../do_peb1.tab vs. ../no_peb1.tab	0.031758684336	Precision	13	0.711335	0.656881	0.597618	0.595640	0.576874	0.565881	0.556020	0.557217	0.558407	0.553743	0.550573	0.542563	0.538546	0.525668	0.523918	0.520528	0.520544	0.512117	0.505616	0.504077
../do_peb1.tab vs. ../no_peb1.tab	0.032392425641	Precision	14	0.727389	0.658524	0.604406	0.608606	0.580820	0.570572	0.557226	0.557177	0.558207	0.558377	0.550724	0.542864	0.534672	0.528414	0.520525	0.516930	0.516518	0.510550	0.505081	0.503495
../do_peb1.tab vs. ../no_peb1.tab	0.033123111885	Precision	15	0.727389	0.658524	0.604406	0.608606	0.580820	0.570572	0.557226	0.557177	0.558891	0.559587	0.552859	0.543867	0.537947	0.532911	0.527555	0.519805	0.515596	0.513276	0.505295	0.502769
../do_peb1.tab vs. ../no_peb1.tab	0.033637875364	Precision	16	0.738789	0.644282	0.610491	0.600468	0.580487	0.575451	0.558307	0.555080	0.557006	0.555170	0.555611	0.551249	0.544909	0.536768	0.531782	0.522698	0.517776	0.517836	0.506714	0.502743
../do_peb1.tab vs. ../no_peb1.tab	0.034188357280	Precision	17	0.730134	0.632180	0.610265	0.586597	0.599973	0.580011	0.579549	0.565631	0.558898	0.553266	0.553186	0.552389	0.546991	0.534776	0.528936	0.522848	0.516757	0.512424	0.504352	0.502174
../do_peb1.tab vs. ../no_peb1.tab	0.034639600415	Precision	18	0.730134	0.632180	0.610265	0.586597	0.599973	0.583799	0.580572	0.574260	0.561846	0.552896	0.554780	0.551915	0.546494	0.539787	0.528991	0.522860	0.515522	0.509434	0.501524	0.501598
../do_peb1.tab vs. ../no_peb1.tab	0.035006314161	Precision	19	0.730134	0.632180	0.610265	0.586597	0.599973	0.583799	0.580572	0.574260	0.561846	0.552896	0.554780	0.551915	0.546494	0.542961	0.532553	0.526899	0.516178	0.511810	0.505548	0.501062
../do_peb1.tab vs. ../no_peb1.tab	0.035276647780	Precision	20	0.716423	0.634318	0.614849	0.579997	0.594594	0.590069	0.580322	0.576347	0.565422	0.559291	0.553943	0.552928	0.548195	0.544411	0.538133	0.525510	0.518424	0.512904	0.503765	0.500304
../do_peb1.tab vs. ../no_peb1.tab	0.035541067356	Precision	21	0.716423	0.637217	0.611993	0.590107	0.599012	0.592154	0.583483	0.578992	0.568229	0.554943	0.553631	0.553119	0.547661	0.543803	0.536049	0.526859	0.518690	0.514549	0.508148	0.501946
../do_peb1.tab vs. ../no_peb1.tab	0.035847974972	Precision	22	0.716423	0.637217	0.611993	0.590107	0.599012	0.592154	0.583483	0.578992	0.568229	0.554943	0.553631	0.553119	0.547661	0.543803	0.536147	0.529103	0.519398	0.516654	0.511351	0.501189
../do_peb1.tab vs. ../no_peb1.tab	0.036070857335	Precision	23	0.716423	0.637217	0.611993	0.590107	0.599012	0.592154	0.583483	0.578992	0.568229	0.554943	0.553631	0.553119	0.547661	0.543803	0.537511	0.529804	0.524223	0.518150	0.513781	0.501093
../do_peb1.tab vs. ../no_peb1.tab	0.036233189300	Precision	24	0.716423	0.637217	0.611993	0.590107	0.599012	0.592154	0.583483	0.578992	0.568229	0.556215	0.551715	0.551131	0.547032	0.544497	0.540780	0.530736	0.525664	0.517779	0.514361	0.500761
../do_peb1.tab vs. ../no_peb1.tab	0.036410804737	Precision	25	0.703974	0.667140	0.620389	0.602081	0.591156	0.595671	0.577402	0.568071	0.564836	0.560293	0.548854	0.547048	0.543336	0.539222	0.536770	0.524911	0.520542	0.510787	0.506972	0.500687
../do_peb1.tab vs. ../no_peb1.tab	0.036592020135	Precision	26	0.693683	0.663796	0.617599	0.603803	0.590197	0.591712	0.580507	0.567137	0.567602	0.563371	0.552003	0.548311	0.548489	0.540318	0.536499	0.533252	0.521932	0.513002	0.506938	0.500546
../do_peb1.tab vs. ../no_peb1.tab	0.036780798519	Precision	27	0.693683	0.663796	0.617599	0.603803	0.590197	0.591712	0.580507	0.567137	0.567602	0.563371	0.552003	0.547376	0.547587	0.542510	0.538716	0.533846	0.523376	0.518998	0.507606	0.500434
../do_peb1.tab vs. ../no_peb1.tab	0.036919252152	Precision	28	0.693683	0.663796	0.617599	0.603803	0.590197	0.591712	0.580507	0.567137	0.567602	0.563371	0.552003	0.547376	0.547587	0.542510	0.538716	0.533846	0.527357	0.519704	0.508880	0.500170
../do_peb1.tab vs. ../no_peb1.tab	0.037025443593	Precision	29	0.693683	0.663796	0.617599	0.603803	0.588819	0.589467	0.586038	0.568285	0.569957	0.565475	0.555933	0.547906	0.547324	0.542055	0.539594	0.533116	0.526768	0.518710	0.509615	0.500140
../do_peb1.tab vs. ../no_peb1.tab	0.037116780417	Precision	30	0.693683	0.663796	0.617599	0.603803	0.588819	0.589467	0.586038	0.571206	0.567675	0.566530	0.561581	0.546557	0.546238	0.542076	0.537864	0.533503	0.527305	0.519200	0.509967	0.500111
../do_peb1.tab vs. ../no_peb1.tab	0.037172257625	Precision	31	0.693683	0.663796	0.617599	0.603803	0.588819	0.589467	0.586038	0.571206	0.567675	0.566530	0.561581	0.546557	0.546238	0.542076	0.537864	0.533503	0.527305	0.519200	0.509679	0.500434
../do_peb1.tab vs. ../no_peb1.tab	0.037253516403	Precision	32	0.680954	0.676395	0.622702	0.611591	0.590998	0.583994	0.589241	0.576638	0.568306	0.564353	0.557425	0.549796	0.546009	0.544347	0.538646	0.533379	0.525208	0.514443	0.505868	0.499888
../do_peb1.tab vs. ../no_peb1.tab	0.037316158618	Precision	33	0.680954	0.676395	0.622702	0.611591	0.590998	0.582272	0.587759	0.575718	0.567625	0.564275	0.561520	0.550920	0.543920	0.543423	0.537444	0.532317	0.527486	0.520397	0.507703	0.500111
../do_peb1.tab vs. ../no_peb1.tab	0.037424666395	Precision	34	0.680954	0.676395	0.622702	0.611591	0.590998	0.583994	0.589241	0.585758	0.572830	0.564431	0.559301	0.552315	0.543921	0.543208	0.535558	0.530516	0.523008	0.514555	0.504548	0.499771
../do_peb1.tab vs. ../no_peb1.tab	0.037444942431	Precision	35	0.680954	0.676395	0.622702	0.611591	0.590998	0.583994	0.589241	0.585758	0.572830	0.564431	0.559301	0.552315	0.543921	0.543208	0.535558	0.530516	0.523008	0.514555	0.505459	0.499771
../do_peb1.tab vs. ../no_peb1.tab	0.037489811793	Precision	36	0.680954	0.676395	0.622702	0.611591	0.590998	0.580645	0.586693	0.588122	0.573246	0.565627	0.562069	0.555769	0.545705	0.542381	0.537128	0.529138	0.523224	0.515373	0.505776	0.499771
../do_peb1.tab vs. ../no_peb1.tab	0.037550862711	Precision	37	0.680954	0.689474	0.624314	0.611416	0.591062	0.581044	0.587539	0.586634	0.572004	0.564054	0.561934	0.554034	0.547517	0.540741	0.534528	0.528528	0.521010	0.516190	0.505838	0.499831
../do_peb1.tab vs. ../no_peb1.tab	0.037564722088	Precision	38	0.680954	0.689474	0.624314	0.611416	0.591062	0.581044	0.587539	0.586634	0.572004	0.564054	0.561934	0.554023	0.544523	0.540653	0.535692	0.527633	0.521981	0.516694	0.507386	0.499771
../do_peb1.tab vs. ../no_peb1.tab	0.037621059085	Precision	39	0.680954	0.689474	0.624314	0.611416	0.591062	0.581044	0.587539	0.586634	0.572004	0.564054	0.561934	0.554034	0.547517	0.540741	0.538780	0.527699	0.523525	0.516004	0.506594	0.499831
../do_peb1.tab vs. ../no_peb1.tab	0.037639762784	Precision	40	0.680954	0.689474	0.624314	0.611416	0.591062	0.581044	0.587539	0.586634	0.572004	0.564054	0.561934	0.554034	0.547517	0.540741	0.538780	0.527699	0.523525	0.516762	0.506184	0.499831
../do_peb1.tab vs. ../no_peb1.tab	0.037655249899	Precision	41	0.680954	0.689474	0.624314	0.611416	0.591062	0.581044	0.587539	0.586634	0.572004	0.564054	0.561934	0.554034	0.547517	0.540741	0.538780	0.527699	0.523525	0.516762	0.507416	0.499831
../do_peb1.tab vs. ../no_peb1.tab	0.037668259739	Precision	42	0.680954	0.689474	0.624314	0.611416	0.591062	0.581044	0.587539	0.586634	0.572004	0.564054	0.561934	0.554034	0.547517	0.540741	0.538780	0.527699	0.523525	0.516762	0.507632	0.499936
../do_peb1.tab vs. ../no_peb1.tab	0.037678147199	Precision	43	0.680954	0.689474	0.624314	0.611416	0.591062	0.581044	0.587539	0.586634	0.572004	0.564054	0.561934	0.554034	0.547517	0.540741	0.538780	0.527699	0.523525	0.516762	0.507632	0.499936
../do_peb1.tab vs. ../no_peb1.tab	0.037680731410	Precision	44	0.680954	0.689474	0.624314	0.611416	0.591062	0.581044	0.587539	0.586634	0.572004	0.564054	0.561934	0.554034	0.547517	0.540741	0.538780	0.527699	0.523525	0.516762	0.507632	0.499906
../do_peb1.tab vs. ../no_peb1.tab	0.037681752956	Precision	45	0.680954	0.689474	0.624314	0.611416	0.591062	0.581044	0.587539	0.586634	0.572004	0.564054	0.561934	0.554034	0.547517	0.540741	0.538780	0.527699	0.523525	0.516762	0.507287	0.499906
../do_peb1.tab vs. ../no_peb1.tab	0.037682913917	Precision	46	0.680954	0.689474	0.624314	0.611416	0.591062	0.581044	0.587539	0.586634	0.572004	0.564054	0.561934	0.554034	0.547517	0.540741	0.538780	0.527699	0.523525	0.516762	0.507287	0.500053
../do_peb1.tab vs. ../no_peb1.tab	0.037684041132	Precision	47	0.680954	0.689474	0.624314	0.611416	0.591062	0.581044	0.587539	0.586634	0.572004	0.564054	0.561934	0.554034	0.547517	0.540741	0.538780	0.527699	0.523525	0.516762	0.507287	0.500757
../do_peb1.tab vs. ../no_peb1.tab	0.037684687877	Precision	48	0.680954	0.689474	0.624314	0.611416	0.591062	0.581044	0.587539	0.586634	0.572004	0.564054	0.561934	0.554034	0.547517	0.540741	0.538780	0.527699	0.523525	0.516762	0.507287	0.501141
../do_peb1.tab vs. ../no_peb1.tab	0.037684687877	Precision	49	0.680954	0.689474	0.624314	0.611416	0.591062	0.581044	0.587539	0.586634	0.572004	0.564054	0.561934	0.554034	0.547517	0.540741	0.538780	0.527699	0.523525	0.516762	0.507287	0.501141
../do_peb1.tab vs. ../no_peb1.tab	0.037684691189	Precision	50	0.680954	0.689474	0.624314	0.611416	0.591062	0.581044	0.587539	0.586634	0.572004	0.564054	0.561934	0.554034	0.547517	0.540741	0.538780	0.527699	0.523525	0.516762	0.507287	0.501726
