Data	AUCPR	Recall	Group size	0.05	0.10	0.15	0.20	0.25	0.30	0.35	0.40	0.45	0.50	0.55	0.60	0.65	0.70	0.75	0.80	0.85	0.90	0.95	1.00
../up_orco4.tab vs. ../no_orco4.tab	0.038761807270	Precision	1	0.500000	0.500000	0.500000	0.756460	0.756460	0.756460	0.756460	0.756460	0.756460	0.756460	0.756460	0.756460	0.756460	0.756460	0.756460	0.756460	0.756460	0.756460	0.756460	0.756460
../up_orco4.tab vs. ../no_orco4.tab	0.038761807270	Precision	2	0.500000	0.500000	0.500000	0.756460	0.756460	0.756460	0.756460	0.756460	0.756460	0.756460	0.756460	0.756460	0.756460	0.756460	0.756460	0.756460	0.756460	0.756460	0.756460	0.756460
../up_orco4.tab vs. ../no_orco4.tab	0.038761807270	Precision	3	0.500000	0.500000	0.500000	0.756460	0.756460	0.756460	0.756460	0.756460	0.756460	0.756460	0.756460	0.756460	0.756460	0.756460	0.756460	0.756460	0.756460	0.756460	0.756460	0.756460
../up_orco4.tab vs. ../no_orco4.tab	0.038761807270	Precision	4	0.500000	0.500000	0.500000	0.756460	0.756460	0.756460	0.756460	0.756460	0.756460	0.756460	0.756460	0.756460	0.756460	0.756460	0.756460	0.756460	0.756460	0.756460	0.756460	0.756460
../up_orco4.tab vs. ../no_orco4.tab	0.038761807270	Precision	5	0.500000	0.500000	0.500000	0.756460	0.756460	0.756460	0.756460	0.756460	0.756460	0.756460	0.756460	0.756460	0.756460	0.756460	0.756460	0.756460	0.756460	0.756460	0.756460	0.756460
../up_orco4.tab vs. ../no_orco4.tab	0.038761807270	Precision	6	0.500000	0.500000	0.500000	0.756460	0.756460	0.756460	0.756460	0.756460	0.756460	0.756460	0.756460	0.756460	0.756460	0.756460	0.756460	0.756460	0.756460	0.756460	0.756460	0.756460
../up_orco4.tab vs. ../no_orco4.tab	0.038761807270	Precision	7	0.500000	0.500000	0.500000	0.756460	0.756460	0.756460	0.756460	0.756460	0.756460	0.756460	0.756460	0.756460	0.756460	0.756460	0.756460	0.756460	0.756460	0.756460	0.756460	0.756460
../up_orco4.tab vs. ../no_orco4.tab	0.038761807270	Precision	8	0.500000	0.500000	0.500000	0.756460	0.756460	0.756460	0.756460	0.756460	0.756460	0.756460	0.756460	0.756460	0.756460	0.756460	0.756460	0.756460	0.756460	0.756460	0.756460	0.756460
../up_orco4.tab vs. ../no_orco4.tab	0.034030026240	Precision	9	0.500000	0.776384	0.776384	0.776384	0.547606	0.547606	0.547606	0.539602	0.539602	0.539602	0.532331	0.532331	0.524102	0.524102	0.518858	0.515976	0.515976	0.515976	0.515976	0.515976
../up_orco4.tab vs. ../no_orco4.tab	0.038761807270	Precision	10	0.500000	0.500000	0.500000	0.756460	0.756460	0.756460	0.756460	0.756460	0.756460	0.756460	0.756460	0.756460	0.756460	0.756460	0.756460	0.756460	0.756460	0.756460	0.756460	0.756460
../up_orco4.tab vs. ../no_orco4.tab	0.038761807270	Precision	11	0.500000	0.500000	0.500000	0.756460	0.756460	0.756460	0.756460	0.756460	0.756460	0.756460	0.756460	0.756460	0.756460	0.756460	0.756460	0.756460	0.756460	0.756460	0.756460	0.756460
../up_orco4.tab vs. ../no_orco4.tab	0.036354006586	Precision	12	0.625671	0.629419	0.625502	0.618017	0.616763	0.599423	0.589060	0.581863	0.567513	0.564525	0.561292	0.559772	0.544339	0.540709	0.537483	0.535384	0.522579	0.514538	0.505578	0.503449
../up_orco4.tab vs. ../no_orco4.tab	0.036972585339	Precision	13	0.619916	0.644687	0.634396	0.621402	0.609494	0.604797	0.586042	0.581675	0.574885	0.569117	0.567983	0.559477	0.545954	0.538130	0.535705	0.531040	0.521092	0.512443	0.503449	0.502404
../up_orco4.tab vs. ../no_orco4.tab	0.037342304670	Precision	14	0.619916	0.644687	0.634396	0.621402	0.609494	0.604797	0.586042	0.581675	0.574885	0.569117	0.567983	0.559477	0.553959	0.538202	0.535299	0.531528	0.526430	0.513847	0.506665	0.502341
../up_orco4.tab vs. ../no_orco4.tab	0.037583220668	Precision	15	0.619916	0.644687	0.634396	0.621402	0.609494	0.604797	0.586042	0.581675	0.574885	0.569117	0.567983	0.559477	0.553959	0.538202	0.535299	0.531528	0.526430	0.521930	0.509758	0.502239
../up_orco4.tab vs. ../no_orco4.tab	0.037779492631	Precision	16	0.622331	0.631617	0.642322	0.616963	0.612469	0.612474	0.604712	0.588362	0.580283	0.571959	0.560069	0.559985	0.555613	0.539636	0.534529	0.529787	0.526985	0.516176	0.506633	0.501447
../up_orco4.tab vs. ../no_orco4.tab	0.038264532910	Precision	17	0.631437	0.634708	0.638818	0.615664	0.611432	0.606685	0.603894	0.589145	0.584272	0.572075	0.562317	0.554679	0.554954	0.547993	0.537850	0.531692	0.528551	0.519606	0.505705	0.500009
../up_orco4.tab vs. ../no_orco4.tab	0.038492847539	Precision	18	0.622331	0.631617	0.642322	0.617714	0.612858	0.611643	0.608174	0.601772	0.582688	0.574871	0.564363	0.553145	0.554096	0.546460	0.535818	0.532322	0.525375	0.521288	0.505004	0.500734
../up_orco4.tab vs. ../no_orco4.tab	0.038689063500	Precision	19	0.613136	0.626126	0.646464	0.624819	0.606529	0.608139	0.605837	0.600431	0.584957	0.575287	0.564706	0.556845	0.551169	0.546657	0.542549	0.529949	0.526803	0.523082	0.508630	0.501830
../up_orco4.tab vs. ../no_orco4.tab	0.038903496969	Precision	20	0.637598	0.624821	0.611223	0.623669	0.608598	0.604326	0.595956	0.594303	0.586908	0.576125	0.566647	0.561516	0.553052	0.541999	0.533738	0.521896	0.518473	0.517196	0.512138	0.501200
../up_orco4.tab vs. ../no_orco4.tab	0.039231967666	Precision	21	0.693961	0.636642	0.626172	0.624203	0.611492	0.605548	0.588428	0.575173	0.576719	0.565660	0.560111	0.555626	0.549770	0.544808	0.536736	0.526508	0.515887	0.514076	0.505702	0.500371
../up_orco4.tab vs. ../no_orco4.tab	0.039662703330	Precision	22	0.680369	0.625072	0.617772	0.625485	0.609352	0.607578	0.594171	0.588293	0.577517	0.572541	0.557960	0.554459	0.551489	0.548394	0.540536	0.529193	0.517410	0.513382	0.506633	0.499629
../up_orco4.tab vs. ../no_orco4.tab	0.040137271722	Precision	23	0.680369	0.634236	0.623408	0.623179	0.608938	0.606960	0.591780	0.585608	0.574823	0.570336	0.556771	0.557758	0.552571	0.547546	0.541210	0.532677	0.523189	0.512860	0.509987	0.499976
../up_orco4.tab vs. ../no_orco4.tab	0.040424928884	Precision	24	0.680369	0.634236	0.623408	0.623179	0.608938	0.606960	0.591780	0.585608	0.574823	0.570336	0.556771	0.557758	0.552571	0.547546	0.541210	0.537352	0.526030	0.515448	0.510735	0.500166
../up_orco4.tab vs. ../no_orco4.tab	0.040784379289	Precision	25	0.713715	0.638903	0.634698	0.613360	0.606261	0.606845	0.586584	0.582963	0.571319	0.570019	0.564556	0.557483	0.554385	0.545449	0.543222	0.532340	0.522903	0.512515	0.511453	0.500409
../up_orco4.tab vs. ../no_orco4.tab	0.041123511036	Precision	26	0.719442	0.631289	0.631810	0.613530	0.618474	0.604395	0.586858	0.582780	0.568633	0.568712	0.562831	0.555789	0.551627	0.543632	0.544079	0.532974	0.525474	0.514146	0.511355	0.500409
../up_orco4.tab vs. ../no_orco4.tab	0.041391053833	Precision	27	0.719442	0.631289	0.631810	0.613530	0.618474	0.604395	0.591161	0.583290	0.573129	0.569968	0.564709	0.553232	0.555015	0.549899	0.544315	0.534278	0.526303	0.512721	0.511158	0.500231
../up_orco4.tab vs. ../no_orco4.tab	0.041608191445	Precision	28	0.719442	0.631289	0.631810	0.613530	0.618474	0.604395	0.591161	0.583290	0.573129	0.569968	0.564709	0.553232	0.555017	0.549516	0.544877	0.539110	0.527060	0.513552	0.510539	0.500201
../up_orco4.tab vs. ../no_orco4.tab	0.041773030225	Precision	29	0.706645	0.643487	0.622352	0.613657	0.618844	0.604417	0.591737	0.580949	0.575705	0.574467	0.571746	0.563263	0.556070	0.552566	0.545598	0.542411	0.530586	0.514565	0.510734	0.500060
../up_orco4.tab vs. ../no_orco4.tab	0.041919071424	Precision	30	0.706645	0.643487	0.622352	0.615191	0.620243	0.604242	0.591716	0.576880	0.574273	0.572264	0.569029	0.561277	0.555015	0.554051	0.547098	0.544127	0.534278	0.518327	0.511517	0.500060
../up_orco4.tab vs. ../no_orco4.tab	0.042080850051	Precision	31	0.706645	0.643487	0.632731	0.621170	0.619402	0.604794	0.591333	0.576982	0.572816	0.570740	0.568536	0.562410	0.552710	0.550954	0.548345	0.541555	0.531540	0.518966	0.510995	0.500380
../up_orco4.tab vs. ../no_orco4.tab	0.042247477393	Precision	32	0.706645	0.648350	0.635338	0.623970	0.620610	0.599490	0.596025	0.581469	0.575666	0.568027	0.566726	0.563097	0.551378	0.551666	0.547983	0.541849	0.531840	0.521356	0.508691	0.500350
../up_orco4.tab vs. ../no_orco4.tab	0.042397158494	Precision	33	0.706645	0.648350	0.635338	0.623970	0.620610	0.599490	0.596025	0.581469	0.575666	0.568027	0.566726	0.563097	0.551378	0.551666	0.547983	0.541849	0.531840	0.525095	0.509760	0.500320
../up_orco4.tab vs. ../no_orco4.tab	0.042502021281	Precision	34	0.706645	0.648350	0.635338	0.623970	0.620610	0.599490	0.596025	0.581469	0.575666	0.568027	0.566726	0.563097	0.556145	0.551498	0.547145	0.542599	0.533623	0.524338	0.509987	0.500291
../up_orco4.tab vs. ../no_orco4.tab	0.042589350692	Precision	35	0.706645	0.648350	0.635338	0.623970	0.620610	0.599490	0.596025	0.581469	0.575666	0.568027	0.566726	0.563097	0.556145	0.551498	0.547145	0.541100	0.535026	0.524809	0.510476	0.500291
../up_orco4.tab vs. ../no_orco4.tab	0.042685705493	Precision	36	0.710686	0.654524	0.630560	0.622357	0.618934	0.602305	0.602479	0.583545	0.572781	0.568420	0.562609	0.560792	0.554263	0.548442	0.545649	0.539044	0.535463	0.521141	0.508595	0.500142
../up_orco4.tab vs. ../no_orco4.tab	0.042799304299	Precision	37	0.729463	0.659240	0.637265	0.631323	0.615459	0.617511	0.596977	0.581853	0.572207	0.568990	0.563954	0.560514	0.555919	0.542787	0.542865	0.536671	0.530381	0.517766	0.504686	0.500142
../up_orco4.tab vs. ../no_orco4.tab	0.042904212116	Precision	38	0.729463	0.659240	0.637265	0.631323	0.615459	0.617511	0.596977	0.581853	0.572207	0.568990	0.563954	0.560514	0.555919	0.542787	0.542865	0.537739	0.531058	0.517302	0.505164	0.500142
../up_orco4.tab vs. ../no_orco4.tab	0.042986343540	Precision	39	0.729463	0.659240	0.637265	0.631323	0.615459	0.617511	0.596977	0.581853	0.572207	0.568990	0.563954	0.560514	0.555919	0.542787	0.542865	0.537739	0.531058	0.519834	0.507467	0.500142
../up_orco4.tab vs. ../no_orco4.tab	0.043047537578	Precision	40	0.729463	0.659240	0.637265	0.631323	0.615459	0.617511	0.596977	0.583060	0.569072	0.568738	0.561835	0.558780	0.556125	0.549399	0.540638	0.535638	0.531964	0.520755	0.508143	0.501634
../up_orco4.tab vs. ../no_orco4.tab	0.043110508492	Precision	41	0.729463	0.659240	0.637265	0.631323	0.615459	0.617511	0.596977	0.583060	0.569072	0.568738	0.561835	0.558780	0.556125	0.549399	0.540638	0.535108	0.532914	0.521070	0.509792	0.501514
../up_orco4.tab vs. ../no_orco4.tab	0.043143932365	Precision	42	0.729463	0.659240	0.637265	0.631323	0.615459	0.617511	0.596977	0.583060	0.569072	0.568738	0.561835	0.558780	0.556125	0.549399	0.540638	0.535342	0.531602	0.521069	0.510377	0.501245
../up_orco4.tab vs. ../no_orco4.tab	0.043168331843	Precision	43	0.729463	0.659240	0.637265	0.631323	0.615459	0.615468	0.595775	0.582733	0.568871	0.565353	0.562424	0.556945	0.554357	0.548545	0.540988	0.534747	0.531405	0.522734	0.508563	0.500707
../up_orco4.tab vs. ../no_orco4.tab	0.043177549016	Precision	44	0.729463	0.659240	0.637265	0.631323	0.615459	0.615468	0.595775	0.582733	0.568871	0.565353	0.562424	0.556945	0.554357	0.548545	0.540988	0.534747	0.531405	0.522734	0.509825	0.500886
../up_orco4.tab vs. ../no_orco4.tab	0.043193149429	Precision	45	0.729463	0.659240	0.637265	0.631323	0.615459	0.615468	0.595775	0.582733	0.568871	0.565353	0.562424	0.556945	0.554357	0.548545	0.540988	0.534747	0.531405	0.524567	0.510378	0.500618
../up_orco4.tab vs. ../no_orco4.tab	0.043212770689	Precision	46	0.729463	0.660673	0.638636	0.632814	0.618938	0.617789	0.595267	0.582800	0.573081	0.564139	0.562288	0.555107	0.552277	0.546866	0.539416	0.533562	0.530587	0.525002	0.511486	0.500618
../up_orco4.tab vs. ../no_orco4.tab	0.043221926236	Precision	47	0.729463	0.660673	0.638636	0.632814	0.618938	0.617789	0.595267	0.582800	0.573081	0.564139	0.562288	0.555107	0.552277	0.546866	0.539416	0.533562	0.531530	0.525328	0.512272	0.500588
../up_orco4.tab vs. ../no_orco4.tab	0.043227858465	Precision	48	0.729463	0.660673	0.638636	0.632814	0.618938	0.617789	0.595267	0.582800	0.573081	0.564139	0.562288	0.555107	0.552277	0.546866	0.539416	0.533562	0.531530	0.525328	0.511943	0.500528
../up_orco4.tab vs. ../no_orco4.tab	0.043231278022	Precision	49	0.729463	0.660673	0.638636	0.632814	0.618938	0.617789	0.595267	0.582800	0.573081	0.564139	0.562288	0.555107	0.552277	0.546866	0.539416	0.533562	0.531530	0.525328	0.511943	0.500469
../up_orco4.tab vs. ../no_orco4.tab	0.043234323035	Precision	50	0.729463	0.660673	0.638636	0.632814	0.618938	0.617789	0.595267	0.582800	0.573081	0.564139	0.562288	0.555107	0.552277	0.546866	0.539416	0.533562	0.531530	0.525328	0.511943	0.500469
