Data	AUCPR	Recall	Group size	0.05	0.10	0.15	0.20	0.25	0.30	0.35	0.40	0.45	0.50	0.55	0.60	0.65	0.70	0.75	0.80	0.85	0.90	0.95	1.00
../up_peb1.tab vs. ../no_peb1.tab	0.037968251057	Precision	1	0.500000	0.500000	0.781712	0.781712	0.781712	0.781712	0.781712	0.781712	0.781712	0.781712	0.781712	0.781712	0.781712	0.781712	0.781712	0.781712	0.781712	0.781712	0.781712	0.781712
../up_peb1.tab vs. ../no_peb1.tab	0.037968251057	Precision	2	0.500000	0.500000	0.781712	0.781712	0.781712	0.781712	0.781712	0.781712	0.781712	0.781712	0.781712	0.781712	0.781712	0.781712	0.781712	0.781712	0.781712	0.781712	0.781712	0.781712
../up_peb1.tab vs. ../no_peb1.tab	0.037968251057	Precision	3	0.500000	0.500000	0.781712	0.781712	0.781712	0.781712	0.781712	0.781712	0.781712	0.781712	0.781712	0.781712	0.781712	0.781712	0.781712	0.781712	0.781712	0.781712	0.781712	0.781712
../up_peb1.tab vs. ../no_peb1.tab	0.037968251057	Precision	4	0.500000	0.500000	0.781712	0.781712	0.781712	0.781712	0.781712	0.781712	0.781712	0.781712	0.781712	0.781712	0.781712	0.781712	0.781712	0.781712	0.781712	0.781712	0.781712	0.781712
../up_peb1.tab vs. ../no_peb1.tab	0.037968251057	Precision	5	0.500000	0.500000	0.781712	0.781712	0.781712	0.781712	0.781712	0.781712	0.781712	0.781712	0.781712	0.781712	0.781712	0.781712	0.781712	0.781712	0.781712	0.781712	0.781712	0.781712
../up_peb1.tab vs. ../no_peb1.tab	0.038221409319	Precision	6	0.500000	0.798052	0.798052	0.798052	0.584801	0.584801	0.566996	0.566996	0.555528	0.555528	0.545135	0.545135	0.532105	0.520733	0.518199	0.521930	0.521930	0.521930	0.521930	0.521930
../up_peb1.tab vs. ../no_peb1.tab	0.038488795338	Precision	7	0.500000	0.798052	0.798052	0.798052	0.584801	0.584801	0.566996	0.566996	0.555528	0.555528	0.545135	0.534751	0.534751	0.524881	0.518649	0.517317	0.520989	0.520989	0.520989	0.520989
../up_peb1.tab vs. ../no_peb1.tab	0.040648479001	Precision	8	0.654106	0.627469	0.589598	0.602737	0.602507	0.608020	0.605517	0.605857	0.594734	0.592202	0.590067	0.571321	0.564583	0.556689	0.532957	0.522659	0.515688	0.516953	0.517279	0.517279
../up_peb1.tab vs. ../no_peb1.tab	0.042012236360	Precision	9	0.749154	0.655801	0.621819	0.628960	0.619500	0.607739	0.602403	0.598762	0.587347	0.581710	0.561127	0.550764	0.540728	0.537818	0.539201	0.530204	0.528273	0.515322	0.511888	0.511888
../up_peb1.tab vs. ../no_peb1.tab	0.043365569225	Precision	10	0.771662	0.692998	0.661047	0.622207	0.619857	0.605826	0.596304	0.580667	0.588333	0.579322	0.577579	0.562198	0.556008	0.549856	0.538763	0.532688	0.525181	0.512102	0.502607	0.502607
../up_peb1.tab vs. ../no_peb1.tab	0.044833782860	Precision	11	0.763031	0.687705	0.663940	0.637176	0.619946	0.611232	0.601517	0.584816	0.583025	0.580511	0.578403	0.562098	0.556966	0.551181	0.541563	0.534219	0.519694	0.519358	0.506417	0.505425
../up_peb1.tab vs. ../no_peb1.tab	0.046288025854	Precision	12	0.763031	0.687705	0.650239	0.624216	0.628832	0.617618	0.607321	0.597338	0.595292	0.585458	0.574831	0.573742	0.564064	0.550471	0.538650	0.531003	0.523243	0.521771	0.508607	0.505026
../up_peb1.tab vs. ../no_peb1.tab	0.047453947474	Precision	13	0.754716	0.710786	0.648428	0.625207	0.633825	0.610299	0.613386	0.596588	0.597569	0.587366	0.583274	0.576661	0.571626	0.551081	0.550369	0.538183	0.523315	0.516848	0.505597	0.503402
../up_peb1.tab vs. ../no_peb1.tab	0.048501273750	Precision	14	0.754716	0.710786	0.648428	0.641569	0.631612	0.617736	0.621073	0.596281	0.595315	0.592680	0.585425	0.575555	0.570642	0.561720	0.552984	0.544273	0.527622	0.514443	0.503927	0.502594
../up_peb1.tab vs. ../no_peb1.tab	0.049577728748	Precision	15	0.749783	0.705760	0.667791	0.641145	0.623214	0.624005	0.621849	0.600838	0.596766	0.597422	0.588583	0.578160	0.572852	0.562570	0.551588	0.548381	0.531023	0.512428	0.509090	0.502294
../up_peb1.tab vs. ../no_peb1.tab	0.050241081061	Precision	16	0.754851	0.705240	0.682739	0.648537	0.628754	0.628174	0.615374	0.601842	0.590503	0.588730	0.582925	0.577816	0.570143	0.561721	0.548296	0.548725	0.536111	0.516841	0.509699	0.501162
../up_peb1.tab vs. ../no_peb1.tab	0.050765155644	Precision	17	0.749783	0.688757	0.676946	0.634291	0.620382	0.630807	0.612877	0.611948	0.596587	0.598158	0.592531	0.577706	0.575587	0.567218	0.561574	0.548338	0.536753	0.524886	0.512210	0.503045
../up_peb1.tab vs. ../no_peb1.tab	0.051174839868	Precision	18	0.754851	0.690461	0.682627	0.647499	0.639713	0.631228	0.615086	0.617340	0.590240	0.592709	0.587232	0.574758	0.572414	0.564512	0.559855	0.545401	0.540544	0.530654	0.510628	0.502111
../up_peb1.tab vs. ../no_peb1.tab	0.051728035987	Precision	19	0.754851	0.689328	0.676717	0.666000	0.631658	0.617678	0.617941	0.607391	0.606230	0.585115	0.585877	0.575306	0.570893	0.566471	0.562225	0.552594	0.542964	0.529546	0.511627	0.501501
../up_peb1.tab vs. ../no_peb1.tab	0.052221604459	Precision	20	0.754851	0.689328	0.676717	0.666000	0.631658	0.617678	0.617941	0.607391	0.606230	0.585115	0.587517	0.583199	0.571207	0.569987	0.563520	0.556603	0.543652	0.525239	0.509154	0.501105
../up_peb1.tab vs. ../no_peb1.tab	0.052523556569	Precision	21	0.754851	0.693904	0.679323	0.671487	0.630172	0.619729	0.621896	0.610727	0.610091	0.586162	0.584610	0.583812	0.572161	0.572338	0.568359	0.565112	0.541989	0.531652	0.511741	0.500938
../up_peb1.tab vs. ../no_peb1.tab	0.052775543009	Precision	22	0.776019	0.700678	0.676580	0.665227	0.635077	0.616712	0.610560	0.604719	0.600518	0.594175	0.578223	0.579465	0.581095	0.568521	0.569175	0.562098	0.550705	0.535346	0.520594	0.500720
../up_peb1.tab vs. ../no_peb1.tab	0.053150051672	Precision	23	0.776019	0.700678	0.676580	0.665227	0.635077	0.616712	0.610560	0.604719	0.600518	0.594175	0.578223	0.579411	0.579789	0.572284	0.569531	0.566574	0.559153	0.537949	0.524817	0.502379
../up_peb1.tab vs. ../no_peb1.tab	0.053366056850	Precision	24	0.776019	0.706109	0.682545	0.668737	0.628491	0.616705	0.607938	0.609910	0.605477	0.597506	0.578278	0.580265	0.575236	0.576565	0.564897	0.565107	0.556309	0.534763	0.523083	0.502081
../up_peb1.tab vs. ../no_peb1.tab	0.053503361463	Precision	25	0.776019	0.700678	0.676580	0.667769	0.633790	0.616535	0.606858	0.608129	0.603936	0.597506	0.578354	0.580325	0.575913	0.576565	0.565191	0.565773	0.558746	0.534056	0.522441	0.501962
../up_peb1.tab vs. ../no_peb1.tab	0.053601316964	Precision	26	0.776019	0.700678	0.676580	0.667769	0.633790	0.616535	0.606858	0.608129	0.603936	0.597506	0.578354	0.580325	0.575913	0.576565	0.565191	0.565773	0.558746	0.534056	0.522441	0.501460
../up_peb1.tab vs. ../no_peb1.tab	0.053643615537	Precision	27	0.776019	0.700678	0.676580	0.667769	0.633790	0.616535	0.606858	0.608129	0.603936	0.597506	0.578354	0.580325	0.575913	0.576565	0.563904	0.564653	0.559252	0.534482	0.521699	0.501282
../up_peb1.tab vs. ../no_peb1.tab	0.053688772844	Precision	28	0.776019	0.700678	0.676580	0.667769	0.633790	0.616535	0.606858	0.608129	0.603936	0.597506	0.578354	0.580325	0.575913	0.576565	0.563904	0.564653	0.559252	0.534482	0.520104	0.501223
../up_peb1.tab vs. ../no_peb1.tab	0.053714710349	Precision	29	0.776019	0.700678	0.676580	0.667769	0.633790	0.616535	0.606858	0.608129	0.603936	0.597506	0.578354	0.580325	0.575913	0.576565	0.563904	0.564653	0.559252	0.534482	0.520104	0.505106
../up_peb1.tab vs. ../no_peb1.tab	0.053722870024	Precision	30	0.776019	0.700678	0.676580	0.667769	0.633790	0.616535	0.606858	0.608129	0.603936	0.597506	0.578354	0.580325	0.575913	0.576565	0.563904	0.564653	0.559252	0.536939	0.521379	0.504717
../up_peb1.tab vs. ../no_peb1.tab	0.053725724882	Precision	31	0.776019	0.700678	0.676580	0.667769	0.633790	0.616535	0.606858	0.608129	0.603936	0.597506	0.578354	0.580325	0.575913	0.576565	0.563904	0.564653	0.559252	0.536939	0.521379	0.504270
../up_peb1.tab vs. ../no_peb1.tab	0.053729023387	Precision	32	0.776019	0.700678	0.676580	0.667769	0.633790	0.616535	0.606858	0.608129	0.603936	0.597506	0.578354	0.580325	0.575913	0.576565	0.563904	0.564653	0.559252	0.536939	0.521379	0.503794
../up_peb1.tab vs. ../no_peb1.tab	0.053729023387	Precision	33	0.776019	0.700678	0.676580	0.667769	0.633790	0.616535	0.606858	0.608129	0.603936	0.597506	0.578354	0.580325	0.575913	0.576565	0.563904	0.564653	0.559252	0.536939	0.521379	0.503794
../up_peb1.tab vs. ../no_peb1.tab	0.053729023387	Precision	34	0.776019	0.700678	0.676580	0.667769	0.633790	0.616535	0.606858	0.608129	0.603936	0.597506	0.578354	0.580325	0.575913	0.576565	0.563904	0.564653	0.559252	0.536939	0.521379	0.503794
../up_peb1.tab vs. ../no_peb1.tab	0.053729023387	Precision	35	0.776019	0.700678	0.676580	0.667769	0.633790	0.616535	0.606858	0.608129	0.603936	0.597506	0.578354	0.580325	0.575913	0.576565	0.563904	0.564653	0.559252	0.536939	0.521379	0.503794
../up_peb1.tab vs. ../no_peb1.tab	0.053729023387	Precision	36	0.776019	0.700678	0.676580	0.667769	0.633790	0.616535	0.606858	0.608129	0.603936	0.597506	0.578354	0.580325	0.575913	0.576565	0.563904	0.564653	0.559252	0.536939	0.521379	0.503794
../up_peb1.tab vs. ../no_peb1.tab	0.053729023387	Precision	37	0.776019	0.700678	0.676580	0.667769	0.633790	0.616535	0.606858	0.608129	0.603936	0.597506	0.578354	0.580325	0.575913	0.576565	0.563904	0.564653	0.559252	0.536939	0.521379	0.503794
../up_peb1.tab vs. ../no_peb1.tab	0.053729023387	Precision	38	0.776019	0.700678	0.676580	0.667769	0.633790	0.616535	0.606858	0.608129	0.603936	0.597506	0.578354	0.580325	0.575913	0.576565	0.563904	0.564653	0.559252	0.536939	0.521379	0.503794
../up_peb1.tab vs. ../no_peb1.tab	0.053729023387	Precision	39	0.776019	0.700678	0.676580	0.667769	0.633790	0.616535	0.606858	0.608129	0.603936	0.597506	0.578354	0.580325	0.575913	0.576565	0.563904	0.564653	0.559252	0.536939	0.521379	0.503794
../up_peb1.tab vs. ../no_peb1.tab	0.053729023387	Precision	40	0.776019	0.700678	0.676580	0.667769	0.633790	0.616535	0.606858	0.608129	0.603936	0.597506	0.578354	0.580325	0.575913	0.576565	0.563904	0.564653	0.559252	0.536939	0.521379	0.503794
../up_peb1.tab vs. ../no_peb1.tab	0.053729023387	Precision	41	0.776019	0.700678	0.676580	0.667769	0.633790	0.616535	0.606858	0.608129	0.603936	0.597506	0.578354	0.580325	0.575913	0.576565	0.563904	0.564653	0.559252	0.536939	0.521379	0.503794
../up_peb1.tab vs. ../no_peb1.tab	0.053729023387	Precision	42	0.776019	0.700678	0.676580	0.667769	0.633790	0.616535	0.606858	0.608129	0.603936	0.597506	0.578354	0.580325	0.575913	0.576565	0.563904	0.564653	0.559252	0.536939	0.521379	0.503794
../up_peb1.tab vs. ../no_peb1.tab	0.053729023387	Precision	43	0.776019	0.700678	0.676580	0.667769	0.633790	0.616535	0.606858	0.608129	0.603936	0.597506	0.578354	0.580325	0.575913	0.576565	0.563904	0.564653	0.559252	0.536939	0.521379	0.503794
../up_peb1.tab vs. ../no_peb1.tab	0.053729023387	Precision	44	0.776019	0.700678	0.676580	0.667769	0.633790	0.616535	0.606858	0.608129	0.603936	0.597506	0.578354	0.580325	0.575913	0.576565	0.563904	0.564653	0.559252	0.536939	0.521379	0.503794
../up_peb1.tab vs. ../no_peb1.tab	0.053729023387	Precision	45	0.776019	0.700678	0.676580	0.667769	0.633790	0.616535	0.606858	0.608129	0.603936	0.597506	0.578354	0.580325	0.575913	0.576565	0.563904	0.564653	0.559252	0.536939	0.521379	0.503794
../up_peb1.tab vs. ../no_peb1.tab	0.053729023387	Precision	46	0.776019	0.700678	0.676580	0.667769	0.633790	0.616535	0.606858	0.608129	0.603936	0.597506	0.578354	0.580325	0.575913	0.576565	0.563904	0.564653	0.559252	0.536939	0.521379	0.503794
../up_peb1.tab vs. ../no_peb1.tab	0.053729023387	Precision	47	0.776019	0.700678	0.676580	0.667769	0.633790	0.616535	0.606858	0.608129	0.603936	0.597506	0.578354	0.580325	0.575913	0.576565	0.563904	0.564653	0.559252	0.536939	0.521379	0.503794
../up_peb1.tab vs. ../no_peb1.tab	0.053729023387	Precision	48	0.776019	0.700678	0.676580	0.667769	0.633790	0.616535	0.606858	0.608129	0.603936	0.597506	0.578354	0.580325	0.575913	0.576565	0.563904	0.564653	0.559252	0.536939	0.521379	0.503794
../up_peb1.tab vs. ../no_peb1.tab	0.053729023387	Precision	49	0.776019	0.700678	0.676580	0.667769	0.633790	0.616535	0.606858	0.608129	0.603936	0.597506	0.578354	0.580325	0.575913	0.576565	0.563904	0.564653	0.559252	0.536939	0.521379	0.503794
../up_peb1.tab vs. ../no_peb1.tab	0.053729023387	Precision	50	0.776019	0.700678	0.676580	0.667769	0.633790	0.616535	0.606858	0.608129	0.603936	0.597506	0.578354	0.580325	0.575913	0.576565	0.563904	0.564653	0.559252	0.536939	0.521379	0.503794
