Data	AUCPR	Recall	Group size	0.05	0.10	0.15	0.20	0.25	0.30	0.35	0.40	0.45	0.50	0.55	0.60	0.65	0.70	0.75	0.80	0.85	0.90	0.95	1.00
../up_orco1.tab vs. ../no_orco1.tab	0.038348117011	Precision	1	0.500000	0.500000	0.783875	0.783875	0.783875	0.783875	0.783875	0.783875	0.783875	0.783875	0.783875	0.783875	0.783875	0.783875	0.783875	0.783875	0.783875	0.783875	0.783875	0.783875
../up_orco1.tab vs. ../no_orco1.tab	0.038348117011	Precision	2	0.500000	0.500000	0.783875	0.783875	0.783875	0.783875	0.783875	0.783875	0.783875	0.783875	0.783875	0.783875	0.783875	0.783875	0.783875	0.783875	0.783875	0.783875	0.783875	0.783875
../up_orco1.tab vs. ../no_orco1.tab	0.038348117011	Precision	3	0.500000	0.500000	0.783875	0.783875	0.783875	0.783875	0.783875	0.783875	0.783875	0.783875	0.783875	0.783875	0.783875	0.783875	0.783875	0.783875	0.783875	0.783875	0.783875	0.783875
../up_orco1.tab vs. ../no_orco1.tab	0.038348117011	Precision	4	0.500000	0.500000	0.783875	0.783875	0.783875	0.783875	0.783875	0.783875	0.783875	0.783875	0.783875	0.783875	0.783875	0.783875	0.783875	0.783875	0.783875	0.783875	0.783875	0.783875
../up_orco1.tab vs. ../no_orco1.tab	0.038348117011	Precision	5	0.500000	0.500000	0.783875	0.783875	0.783875	0.783875	0.783875	0.783875	0.783875	0.783875	0.783875	0.783875	0.783875	0.783875	0.783875	0.783875	0.783875	0.783875	0.783875	0.783875
../up_orco1.tab vs. ../no_orco1.tab	0.038348117011	Precision	6	0.500000	0.500000	0.783875	0.783875	0.783875	0.783875	0.783875	0.783875	0.783875	0.783875	0.783875	0.783875	0.783875	0.783875	0.783875	0.783875	0.783875	0.783875	0.783875	0.783875
../up_orco1.tab vs. ../no_orco1.tab	0.038348117011	Precision	7	0.500000	0.500000	0.783875	0.783875	0.783875	0.783875	0.783875	0.783875	0.783875	0.783875	0.783875	0.783875	0.783875	0.783875	0.783875	0.783875	0.783875	0.783875	0.783875	0.783875
../up_orco1.tab vs. ../no_orco1.tab	0.038348117011	Precision	8	0.500000	0.500000	0.783875	0.783875	0.783875	0.783875	0.783875	0.783875	0.783875	0.783875	0.783875	0.783875	0.783875	0.783875	0.783875	0.783875	0.783875	0.783875	0.783875	0.783875
../up_orco1.tab vs. ../no_orco1.tab	0.038348117011	Precision	9	0.500000	0.500000	0.783875	0.783875	0.783875	0.783875	0.783875	0.783875	0.783875	0.783875	0.783875	0.783875	0.783875	0.783875	0.783875	0.783875	0.783875	0.783875	0.783875	0.783875
../up_orco1.tab vs. ../no_orco1.tab	0.038348117011	Precision	10	0.500000	0.500000	0.783875	0.783875	0.783875	0.783875	0.783875	0.783875	0.783875	0.783875	0.783875	0.783875	0.783875	0.783875	0.783875	0.783875	0.783875	0.783875	0.783875	0.783875
../up_orco1.tab vs. ../no_orco1.tab	0.036117329589	Precision	11	0.500000	0.776628	0.776628	0.776628	0.550274	0.550274	0.544714	0.544714	0.544714	0.535399	0.533247	0.534579	0.525918	0.525918	0.519750	0.514367	0.508374	0.504085	0.504085	0.504085
../up_orco1.tab vs. ../no_orco1.tab	0.036117329589	Precision	12	0.500000	0.776628	0.776628	0.776628	0.550274	0.550274	0.544714	0.544714	0.544714	0.535399	0.533247	0.534579	0.525918	0.525918	0.519750	0.514367	0.508374	0.504085	0.504085	0.504085
../up_orco1.tab vs. ../no_orco1.tab	0.036431567304	Precision	13	0.692140	0.641935	0.612687	0.598840	0.592875	0.577515	0.560576	0.560043	0.565721	0.567390	0.575729	0.566329	0.564778	0.552676	0.538334	0.537877	0.533457	0.511647	0.509711	0.506637
../up_orco1.tab vs. ../no_orco1.tab	0.036882228106	Precision	14	0.692140	0.641935	0.612687	0.598840	0.592875	0.577515	0.560576	0.560043	0.565721	0.567390	0.575729	0.566329	0.564778	0.552676	0.538334	0.537877	0.534406	0.526178	0.513659	0.507590
../up_orco1.tab vs. ../no_orco1.tab	0.037202445004	Precision	15	0.666480	0.632596	0.609754	0.598998	0.606672	0.583995	0.569988	0.564106	0.560064	0.563694	0.570665	0.568591	0.564032	0.561309	0.548175	0.537824	0.539641	0.533178	0.510445	0.506302
../up_orco1.tab vs. ../no_orco1.tab	0.037427295193	Precision	16	0.666480	0.632596	0.613239	0.601224	0.603484	0.594261	0.580618	0.566533	0.557973	0.562000	0.562171	0.568540	0.562365	0.559314	0.547016	0.537383	0.536796	0.531175	0.511310	0.504788
../up_orco1.tab vs. ../no_orco1.tab	0.037647050066	Precision	17	0.662973	0.639170	0.600054	0.599493	0.593037	0.600617	0.583488	0.569086	0.562392	0.556265	0.559517	0.561356	0.561061	0.558683	0.552933	0.540030	0.533090	0.535338	0.524000	0.506135
../up_orco1.tab vs. ../no_orco1.tab	0.037838319552	Precision	18	0.712807	0.635519	0.607355	0.603143	0.584891	0.595293	0.586954	0.577601	0.561296	0.555288	0.555488	0.555606	0.560829	0.555652	0.549052	0.540277	0.529330	0.531033	0.527211	0.505218
../up_orco1.tab vs. ../no_orco1.tab	0.037969041541	Precision	19	0.703436	0.658217	0.627755	0.600966	0.601059	0.590771	0.579867	0.578453	0.569484	0.556522	0.552220	0.549957	0.551090	0.554711	0.548588	0.541548	0.532291	0.525064	0.517932	0.502150
../up_orco1.tab vs. ../no_orco1.tab	0.038109862895	Precision	20	0.703436	0.649404	0.625888	0.612017	0.599944	0.591707	0.580423	0.583118	0.571410	0.564037	0.560745	0.552021	0.552887	0.553083	0.549191	0.537159	0.533751	0.523378	0.515409	0.502331
../up_orco1.tab vs. ../no_orco1.tab	0.038246107239	Precision	21	0.703436	0.649404	0.625888	0.612017	0.599944	0.592026	0.581035	0.573943	0.570918	0.558099	0.557728	0.553057	0.555857	0.559340	0.549971	0.536981	0.533584	0.526961	0.518549	0.503941
../up_orco1.tab vs. ../no_orco1.tab	0.038363641354	Precision	22	0.703436	0.649404	0.622909	0.602303	0.601965	0.594628	0.586616	0.574960	0.572436	0.569821	0.555740	0.557004	0.552202	0.550636	0.554109	0.536257	0.527266	0.519629	0.512577	0.502496
../up_orco1.tab vs. ../no_orco1.tab	0.038624697819	Precision	23	0.721627	0.694906	0.630793	0.589827	0.582219	0.586369	0.569118	0.569819	0.567770	0.568284	0.562662	0.558796	0.551562	0.544860	0.539019	0.539130	0.525580	0.513094	0.506832	0.501788
../up_orco1.tab vs. ../no_orco1.tab	0.038870679793	Precision	24	0.721627	0.694906	0.630793	0.589827	0.582219	0.586369	0.569118	0.569819	0.567770	0.564768	0.561153	0.555123	0.555526	0.543430	0.542345	0.538591	0.530428	0.513187	0.505981	0.500995
../up_orco1.tab vs. ../no_orco1.tab	0.038996194960	Precision	25	0.721627	0.694906	0.630793	0.587526	0.581971	0.583589	0.572202	0.566511	0.566440	0.565858	0.559246	0.552986	0.556212	0.543155	0.538377	0.537181	0.536193	0.522436	0.506569	0.502373
../up_orco1.tab vs. ../no_orco1.tab	0.039177563865	Precision	26	0.698773	0.682962	0.646526	0.599164	0.601437	0.590291	0.589606	0.573638	0.569142	0.566246	0.563133	0.557127	0.550327	0.540306	0.533970	0.532597	0.533177	0.514611	0.503572	0.501300
../up_orco1.tab vs. ../no_orco1.tab	0.039330146673	Precision	27	0.698773	0.682962	0.646526	0.599164	0.601437	0.590291	0.589606	0.573638	0.569142	0.566246	0.563133	0.559074	0.548982	0.544128	0.536459	0.533261	0.531770	0.513476	0.502247	0.501056
../up_orco1.tab vs. ../no_orco1.tab	0.039484088255	Precision	28	0.698773	0.682962	0.646526	0.599164	0.601437	0.590291	0.589606	0.573638	0.571759	0.567106	0.563133	0.560249	0.550796	0.545772	0.536040	0.534011	0.531779	0.513121	0.501990	0.501056
../up_orco1.tab vs. ../no_orco1.tab	0.039575500949	Precision	29	0.698773	0.682962	0.646526	0.599164	0.601437	0.590291	0.589606	0.573638	0.571759	0.567106	0.563133	0.560249	0.550796	0.545772	0.536040	0.534011	0.531779	0.513121	0.509775	0.500569
../up_orco1.tab vs. ../no_orco1.tab	0.039665683871	Precision	30	0.698773	0.682962	0.646526	0.599164	0.601437	0.590291	0.589606	0.573638	0.571759	0.567106	0.563133	0.560249	0.550796	0.545772	0.536040	0.534011	0.530673	0.515801	0.510301	0.500447
../up_orco1.tab vs. ../no_orco1.tab	0.039694803688	Precision	31	0.698773	0.682962	0.646526	0.599164	0.601437	0.590291	0.589606	0.573638	0.571759	0.567106	0.563133	0.560249	0.550796	0.545772	0.536040	0.534011	0.530673	0.515801	0.510301	0.500173
../up_orco1.tab vs. ../no_orco1.tab	0.039713144769	Precision	32	0.693643	0.691509	0.649877	0.598349	0.605078	0.591127	0.591206	0.578109	0.573234	0.564964	0.563450	0.558295	0.547648	0.544540	0.533402	0.532321	0.529769	0.520098	0.511035	0.500021
../up_orco1.tab vs. ../no_orco1.tab	0.039742898965	Precision	33	0.714451	0.703170	0.639737	0.590962	0.598759	0.588602	0.585171	0.575751	0.570879	0.569432	0.562464	0.558197	0.549482	0.544134	0.528970	0.525852	0.523644	0.518855	0.510568	0.500935
../up_orco1.tab vs. ../no_orco1.tab	0.039799416470	Precision	34	0.714451	0.703170	0.639737	0.590962	0.598759	0.588602	0.585171	0.575751	0.570879	0.569432	0.562464	0.558197	0.549482	0.544134	0.528970	0.525852	0.523644	0.518855	0.510713	0.500935
../up_orco1.tab vs. ../no_orco1.tab	0.039832473157	Precision	35	0.683624	0.683960	0.651334	0.619508	0.608918	0.593416	0.583079	0.577630	0.567945	0.566449	0.567120	0.552950	0.543965	0.537857	0.536414	0.532052	0.522965	0.524718	0.513515	0.500873
../up_orco1.tab vs. ../no_orco1.tab	0.039868025425	Precision	36	0.683624	0.683960	0.651334	0.619508	0.608918	0.593416	0.583079	0.577630	0.567945	0.566449	0.567120	0.552950	0.543965	0.537857	0.536414	0.532052	0.522965	0.525878	0.512507	0.500690
../up_orco1.tab vs. ../no_orco1.tab	0.039831552454	Precision	37	0.714451	0.703170	0.639737	0.590962	0.598759	0.588602	0.585171	0.575751	0.570879	0.569432	0.562464	0.558197	0.549482	0.544134	0.528970	0.525852	0.523644	0.518855	0.510713	0.502149
../up_orco1.tab vs. ../no_orco1.tab	0.039929985104	Precision	38	0.683624	0.683960	0.651334	0.619508	0.608918	0.593416	0.583079	0.577630	0.567945	0.566449	0.567120	0.552950	0.543965	0.537857	0.537641	0.531624	0.521480	0.524402	0.512004	0.500842
../up_orco1.tab vs. ../no_orco1.tab	0.039935417592	Precision	39	0.683624	0.683960	0.651334	0.619508	0.608918	0.593416	0.583079	0.577630	0.567945	0.566449	0.567120	0.552950	0.543965	0.537857	0.537641	0.531624	0.521480	0.524402	0.512004	0.502252
../up_orco1.tab vs. ../no_orco1.tab	0.039937194450	Precision	40	0.683624	0.683960	0.651334	0.619508	0.608918	0.593416	0.583079	0.577630	0.567945	0.566449	0.567120	0.552950	0.543965	0.537857	0.537641	0.531624	0.521480	0.523499	0.510701	0.501884
../up_orco1.tab vs. ../no_orco1.tab	0.039948820102	Precision	41	0.677848	0.685391	0.649666	0.616694	0.607833	0.596808	0.584754	0.578586	0.569207	0.564627	0.565449	0.553389	0.542039	0.537768	0.536298	0.531970	0.521275	0.522719	0.510435	0.502619
../up_orco1.tab vs. ../no_orco1.tab	0.039949189943	Precision	42	0.677848	0.685391	0.649666	0.616694	0.607833	0.596808	0.584754	0.578586	0.569207	0.564627	0.565449	0.553389	0.542039	0.537768	0.536298	0.531970	0.521275	0.522719	0.510435	0.502252
../up_orco1.tab vs. ../no_orco1.tab	0.039941027965	Precision	43	0.683624	0.683960	0.651334	0.619508	0.608918	0.593416	0.583079	0.577630	0.567945	0.566449	0.567120	0.552950	0.543965	0.537857	0.537641	0.531624	0.521480	0.523499	0.510701	0.501882
../up_orco1.tab vs. ../no_orco1.tab	0.039949189943	Precision	44	0.677848	0.685391	0.649666	0.616694	0.607833	0.596808	0.584754	0.578586	0.569207	0.564627	0.565449	0.553389	0.542039	0.537768	0.536298	0.531970	0.521275	0.522719	0.510435	0.502252
../up_orco1.tab vs. ../no_orco1.tab	0.039949189943	Precision	45	0.677848	0.685391	0.649666	0.616694	0.607833	0.596808	0.584754	0.578586	0.569207	0.564627	0.565449	0.553389	0.542039	0.537768	0.536298	0.531970	0.521275	0.522719	0.510435	0.502252
../up_orco1.tab vs. ../no_orco1.tab	0.039860044424	Precision	46	0.684265	0.677704	0.659829	0.626365	0.613739	0.602283	0.596196	0.582793	0.566488	0.564240	0.560120	0.547729	0.541040	0.535899	0.534015	0.527921	0.521641	0.526028	0.512305	0.502464
../up_orco1.tab vs. ../no_orco1.tab	0.039949189943	Precision	47	0.677848	0.685391	0.649666	0.616694	0.607833	0.596808	0.584754	0.578586	0.569207	0.564627	0.565449	0.553389	0.542039	0.537768	0.536298	0.531970	0.521275	0.522719	0.510435	0.502252
../up_orco1.tab vs. ../no_orco1.tab	0.039944021649	Precision	48	0.677848	0.685391	0.649666	0.616694	0.607833	0.596808	0.584754	0.578586	0.569207	0.564627	0.565449	0.553389	0.542039	0.537768	0.536298	0.531970	0.521275	0.522719	0.510435	0.501791
../up_orco1.tab vs. ../no_orco1.tab	0.039949189943	Precision	49	0.677848	0.685391	0.649666	0.616694	0.607833	0.596808	0.584754	0.578586	0.569207	0.564627	0.565449	0.553389	0.542039	0.537768	0.536298	0.531970	0.521275	0.522719	0.510435	0.502252
../up_orco1.tab vs. ../no_orco1.tab	0.039943805424	Precision	50	0.650015	0.687907	0.648564	0.614214	0.609900	0.598795	0.600662	0.589691	0.580366	0.569788	0.564182	0.560104	0.546499	0.540611	0.534480	0.532614	0.520786	0.523751	0.513010	0.501422
