Data	AUCPR	Recall	Group size	0.05	0.10	0.15	0.20	0.25	0.30	0.35	0.40	0.45	0.50	0.55	0.60	0.65	0.70	0.75	0.80	0.85	0.90	0.95	1.00
../do_orco4.tab vs. ../no_orco4.tab	0.038898747415	Precision	1	0.500000	0.500000	0.500000	0.756756	0.756756	0.756756	0.756756	0.756756	0.756756	0.756756	0.756756	0.756756	0.756756	0.756756	0.756756	0.756756	0.756756	0.756756	0.756756	0.756756
../do_orco4.tab vs. ../no_orco4.tab	0.038898747415	Precision	2	0.500000	0.500000	0.500000	0.756756	0.756756	0.756756	0.756756	0.756756	0.756756	0.756756	0.756756	0.756756	0.756756	0.756756	0.756756	0.756756	0.756756	0.756756	0.756756	0.756756
../do_orco4.tab vs. ../no_orco4.tab	0.038898747415	Precision	3	0.500000	0.500000	0.500000	0.756756	0.756756	0.756756	0.756756	0.756756	0.756756	0.756756	0.756756	0.756756	0.756756	0.756756	0.756756	0.756756	0.756756	0.756756	0.756756	0.756756
../do_orco4.tab vs. ../no_orco4.tab	0.038898747415	Precision	4	0.500000	0.500000	0.500000	0.756756	0.756756	0.756756	0.756756	0.756756	0.756756	0.756756	0.756756	0.756756	0.756756	0.756756	0.756756	0.756756	0.756756	0.756756	0.756756	0.756756
../do_orco4.tab vs. ../no_orco4.tab	0.038898747415	Precision	5	0.500000	0.500000	0.500000	0.756756	0.756756	0.756756	0.756756	0.756756	0.756756	0.756756	0.756756	0.756756	0.756756	0.756756	0.756756	0.756756	0.756756	0.756756	0.756756	0.756756
../do_orco4.tab vs. ../no_orco4.tab	0.039449198609	Precision	6	0.680484	0.681074	0.664997	0.655121	0.626898	0.611096	0.593855	0.563252	0.555020	0.553979	0.551800	0.547288	0.547096	0.543020	0.537257	0.534354	0.520956	0.524711	0.524711	0.524711
../do_orco4.tab vs. ../no_orco4.tab	0.042340845586	Precision	7	0.702086	0.686845	0.690003	0.646381	0.643132	0.603448	0.595027	0.575941	0.555380	0.556512	0.554515	0.551131	0.543755	0.540879	0.530755	0.533002	0.525324	0.522357	0.523104	0.523104
../do_orco4.tab vs. ../no_orco4.tab	0.044916445997	Precision	8	0.702376	0.687605	0.674284	0.657481	0.651538	0.648018	0.606439	0.599942	0.567942	0.546977	0.547887	0.550243	0.546650	0.541624	0.538538	0.528453	0.527263	0.516272	0.518156	0.518156
../do_orco4.tab vs. ../no_orco4.tab	0.046680399659	Precision	9	0.702376	0.687605	0.674284	0.657481	0.638404	0.640795	0.625982	0.604410	0.590464	0.560789	0.553768	0.550664	0.553327	0.549939	0.544921	0.537146	0.525496	0.523268	0.512757	0.514308
../do_orco4.tab vs. ../no_orco4.tab	0.048025815989	Precision	10	0.730025	0.685858	0.662021	0.669488	0.654395	0.640214	0.636760	0.608940	0.589621	0.579325	0.552291	0.546231	0.547395	0.547360	0.538909	0.534139	0.526349	0.519706	0.510921	0.511094
../do_orco4.tab vs. ../no_orco4.tab	0.049332808451	Precision	11	0.730025	0.677885	0.659411	0.667876	0.659561	0.639900	0.636138	0.613541	0.600935	0.589009	0.575992	0.543357	0.543219	0.547101	0.542990	0.536524	0.531507	0.520707	0.511022	0.510753
../do_orco4.tab vs. ../no_orco4.tab	0.050463335891	Precision	12	0.733176	0.668894	0.654956	0.657444	0.651154	0.636692	0.629987	0.630861	0.607713	0.589267	0.580650	0.559552	0.541554	0.541178	0.543780	0.538747	0.529349	0.522178	0.512656	0.509734
../do_orco4.tab vs. ../no_orco4.tab	0.051588979726	Precision	13	0.740679	0.672048	0.664095	0.658219	0.661319	0.645689	0.631304	0.622385	0.612537	0.594776	0.583280	0.575371	0.549873	0.543829	0.544069	0.545476	0.538807	0.523795	0.517565	0.505395
../do_orco4.tab vs. ../no_orco4.tab	0.052392559730	Precision	14	0.729915	0.675396	0.656883	0.647583	0.655788	0.648347	0.634960	0.622313	0.621154	0.596314	0.580410	0.575034	0.569866	0.548052	0.535607	0.539354	0.538239	0.520816	0.513447	0.505685
../do_orco4.tab vs. ../no_orco4.tab	0.053139118547	Precision	15	0.729915	0.675396	0.656883	0.647583	0.655788	0.648347	0.631442	0.618553	0.621086	0.609296	0.591315	0.576493	0.571243	0.555369	0.538817	0.538403	0.540106	0.528408	0.515067	0.504580
../do_orco4.tab vs. ../no_orco4.tab	0.053855950095	Precision	16	0.729915	0.675396	0.656883	0.647583	0.655788	0.648347	0.631442	0.618553	0.621086	0.609296	0.591832	0.576419	0.571004	0.562071	0.540293	0.536607	0.539537	0.537671	0.515499	0.503451
../do_orco4.tab vs. ../no_orco4.tab	0.054314995415	Precision	17	0.729915	0.675396	0.656883	0.647583	0.655788	0.648347	0.632518	0.623673	0.615877	0.615521	0.592414	0.584917	0.575261	0.570719	0.549896	0.537413	0.535917	0.532219	0.514372	0.502441
../do_orco4.tab vs. ../no_orco4.tab	0.054694088249	Precision	18	0.729915	0.675396	0.656883	0.647583	0.655788	0.651265	0.632604	0.621372	0.610936	0.611795	0.600473	0.588232	0.577958	0.572445	0.560808	0.538148	0.532135	0.531148	0.518632	0.503218
../do_orco4.tab vs. ../no_orco4.tab	0.055080223419	Precision	19	0.724800	0.701190	0.655812	0.645284	0.647740	0.649442	0.634042	0.624188	0.614640	0.612690	0.591350	0.584876	0.572973	0.569452	0.555860	0.548742	0.537882	0.531297	0.516528	0.504032
../do_orco4.tab vs. ../no_orco4.tab	0.055521018787	Precision	20	0.732035	0.699254	0.656672	0.648276	0.645773	0.649720	0.638938	0.626134	0.620396	0.612583	0.605641	0.588815	0.582287	0.572716	0.569959	0.545503	0.533745	0.526573	0.513314	0.502013
../do_orco4.tab vs. ../no_orco4.tab	0.056006700624	Precision	21	0.732035	0.699254	0.656672	0.648276	0.645773	0.649720	0.638938	0.626134	0.620396	0.612583	0.605641	0.588815	0.582287	0.572716	0.569959	0.552535	0.536896	0.530714	0.515795	0.502015
../do_orco4.tab vs. ../no_orco4.tab	0.056355060179	Precision	22	0.732035	0.699254	0.656672	0.648276	0.645773	0.649720	0.638938	0.626134	0.620396	0.612583	0.605641	0.588815	0.583386	0.574505	0.568066	0.555383	0.547565	0.531484	0.516893	0.501685
../do_orco4.tab vs. ../no_orco4.tab	0.056507509875	Precision	23	0.732035	0.699254	0.656672	0.648276	0.645773	0.649720	0.638938	0.626134	0.620396	0.612583	0.605641	0.588815	0.583386	0.574505	0.564504	0.561128	0.547415	0.534712	0.521349	0.501566
../do_orco4.tab vs. ../no_orco4.tab	0.056682546375	Precision	24	0.732035	0.699254	0.656672	0.648276	0.645773	0.649720	0.638938	0.626134	0.620396	0.612583	0.607682	0.588032	0.586484	0.575175	0.566448	0.560428	0.545582	0.534901	0.520285	0.501148
../do_orco4.tab vs. ../no_orco4.tab	0.056771318067	Precision	25	0.732035	0.699254	0.656672	0.648276	0.645773	0.649720	0.638938	0.626134	0.620396	0.612583	0.607682	0.588032	0.586484	0.575175	0.566448	0.560428	0.545582	0.534901	0.522595	0.501088
../do_orco4.tab vs. ../no_orco4.tab	0.056872750456	Precision	26	0.732035	0.685799	0.653046	0.643129	0.645881	0.649730	0.632288	0.631363	0.618559	0.617456	0.615526	0.604604	0.588630	0.579812	0.569959	0.563127	0.548012	0.534604	0.519776	0.500968
../do_orco4.tab vs. ../no_orco4.tab	0.056952306151	Precision	27	0.732035	0.685799	0.653046	0.643129	0.645881	0.649730	0.632288	0.631363	0.618559	0.617456	0.615526	0.604604	0.588630	0.579812	0.569959	0.563127	0.548012	0.534604	0.522300	0.502585
../do_orco4.tab vs. ../no_orco4.tab	0.057023606190	Precision	28	0.732035	0.685799	0.653046	0.643129	0.645881	0.649730	0.632288	0.631363	0.618559	0.617456	0.615526	0.604604	0.588630	0.579812	0.569959	0.563127	0.548012	0.534604	0.520586	0.502316
../do_orco4.tab vs. ../no_orco4.tab	0.057081808539	Precision	29	0.732035	0.685799	0.653046	0.643129	0.645881	0.649730	0.632288	0.631363	0.618559	0.617456	0.615526	0.604604	0.588630	0.579812	0.569959	0.563127	0.548012	0.534604	0.520586	0.504413
../do_orco4.tab vs. ../no_orco4.tab	0.057086932233	Precision	30	0.732035	0.685799	0.653046	0.643129	0.645881	0.649730	0.632288	0.631363	0.618559	0.617456	0.615526	0.604604	0.588630	0.579812	0.569959	0.563127	0.548012	0.534604	0.520586	0.504119
../do_orco4.tab vs. ../no_orco4.tab	0.057095871896	Precision	31	0.732035	0.685799	0.653046	0.643129	0.645881	0.649730	0.632288	0.631363	0.618559	0.617456	0.615526	0.604604	0.588630	0.579812	0.569959	0.563127	0.548012	0.534702	0.522740	0.503779
../do_orco4.tab vs. ../no_orco4.tab	0.057101782915	Precision	32	0.732035	0.685799	0.653046	0.643129	0.645881	0.649730	0.632288	0.631363	0.618559	0.617456	0.615526	0.604604	0.588630	0.579812	0.569959	0.563127	0.548012	0.534702	0.522740	0.503546
../do_orco4.tab vs. ../no_orco4.tab	0.057102521967	Precision	33	0.732035	0.685799	0.653046	0.643129	0.645881	0.649730	0.632288	0.631363	0.618559	0.617456	0.615526	0.604604	0.588630	0.579812	0.569959	0.563127	0.548012	0.534702	0.522740	0.504207
../do_orco4.tab vs. ../no_orco4.tab	0.057102521967	Precision	34	0.732035	0.685799	0.653046	0.643129	0.645881	0.649730	0.632288	0.631363	0.618559	0.617456	0.615526	0.604604	0.588630	0.579812	0.569959	0.563127	0.548012	0.534702	0.522740	0.504207
../do_orco4.tab vs. ../no_orco4.tab	0.057102521967	Precision	35	0.732035	0.685799	0.653046	0.643129	0.645881	0.649730	0.632288	0.631363	0.618559	0.617456	0.615526	0.604604	0.588630	0.579812	0.569959	0.563127	0.548012	0.534702	0.522740	0.504207
../do_orco4.tab vs. ../no_orco4.tab	0.057102521967	Precision	36	0.732035	0.685799	0.653046	0.643129	0.645881	0.649730	0.632288	0.631363	0.618559	0.617456	0.615526	0.604604	0.588630	0.579812	0.569959	0.563127	0.548012	0.534702	0.522740	0.504207
../do_orco4.tab vs. ../no_orco4.tab	0.057102521967	Precision	37	0.732035	0.685799	0.653046	0.643129	0.645881	0.649730	0.632288	0.631363	0.618559	0.617456	0.615526	0.604604	0.588630	0.579812	0.569959	0.563127	0.548012	0.534702	0.522740	0.504207
../do_orco4.tab vs. ../no_orco4.tab	0.057102521967	Precision	38	0.732035	0.685799	0.653046	0.643129	0.645881	0.649730	0.632288	0.631363	0.618559	0.617456	0.615526	0.604604	0.588630	0.579812	0.569959	0.563127	0.548012	0.534702	0.522740	0.504207
../do_orco4.tab vs. ../no_orco4.tab	0.057102521967	Precision	39	0.732035	0.685799	0.653046	0.643129	0.645881	0.649730	0.632288	0.631363	0.618559	0.617456	0.615526	0.604604	0.588630	0.579812	0.569959	0.563127	0.548012	0.534702	0.522740	0.504207
../do_orco4.tab vs. ../no_orco4.tab	0.057102521967	Precision	40	0.732035	0.685799	0.653046	0.643129	0.645881	0.649730	0.632288	0.631363	0.618559	0.617456	0.615526	0.604604	0.588630	0.579812	0.569959	0.563127	0.548012	0.534702	0.522740	0.504207
../do_orco4.tab vs. ../no_orco4.tab	0.057102521967	Precision	41	0.732035	0.685799	0.653046	0.643129	0.645881	0.649730	0.632288	0.631363	0.618559	0.617456	0.615526	0.604604	0.588630	0.579812	0.569959	0.563127	0.548012	0.534702	0.522740	0.504207
../do_orco4.tab vs. ../no_orco4.tab	0.057102521967	Precision	42	0.732035	0.685799	0.653046	0.643129	0.645881	0.649730	0.632288	0.631363	0.618559	0.617456	0.615526	0.604604	0.588630	0.579812	0.569959	0.563127	0.548012	0.534702	0.522740	0.504207
../do_orco4.tab vs. ../no_orco4.tab	0.057102521967	Precision	43	0.732035	0.685799	0.653046	0.643129	0.645881	0.649730	0.632288	0.631363	0.618559	0.617456	0.615526	0.604604	0.588630	0.579812	0.569959	0.563127	0.548012	0.534702	0.522740	0.504207
../do_orco4.tab vs. ../no_orco4.tab	0.057102521967	Precision	44	0.732035	0.685799	0.653046	0.643129	0.645881	0.649730	0.632288	0.631363	0.618559	0.617456	0.615526	0.604604	0.588630	0.579812	0.569959	0.563127	0.548012	0.534702	0.522740	0.504207
../do_orco4.tab vs. ../no_orco4.tab	0.057102521967	Precision	45	0.732035	0.685799	0.653046	0.643129	0.645881	0.649730	0.632288	0.631363	0.618559	0.617456	0.615526	0.604604	0.588630	0.579812	0.569959	0.563127	0.548012	0.534702	0.522740	0.504207
../do_orco4.tab vs. ../no_orco4.tab	0.057102521967	Precision	46	0.732035	0.685799	0.653046	0.643129	0.645881	0.649730	0.632288	0.631363	0.618559	0.617456	0.615526	0.604604	0.588630	0.579812	0.569959	0.563127	0.548012	0.534702	0.522740	0.504207
../do_orco4.tab vs. ../no_orco4.tab	0.057102521967	Precision	47	0.732035	0.685799	0.653046	0.643129	0.645881	0.649730	0.632288	0.631363	0.618559	0.617456	0.615526	0.604604	0.588630	0.579812	0.569959	0.563127	0.548012	0.534702	0.522740	0.504207
../do_orco4.tab vs. ../no_orco4.tab	0.057102521967	Precision	48	0.732035	0.685799	0.653046	0.643129	0.645881	0.649730	0.632288	0.631363	0.618559	0.617456	0.615526	0.604604	0.588630	0.579812	0.569959	0.563127	0.548012	0.534702	0.522740	0.504207
../do_orco4.tab vs. ../no_orco4.tab	0.057102521967	Precision	49	0.732035	0.685799	0.653046	0.643129	0.645881	0.649730	0.632288	0.631363	0.618559	0.617456	0.615526	0.604604	0.588630	0.579812	0.569959	0.563127	0.548012	0.534702	0.522740	0.504207
../do_orco4.tab vs. ../no_orco4.tab	0.057102521967	Precision	50	0.732035	0.685799	0.653046	0.643129	0.645881	0.649730	0.632288	0.631363	0.618559	0.617456	0.615526	0.604604	0.588630	0.579812	0.569959	0.563127	0.548012	0.534702	0.522740	0.504207
