Data	AUCPR	Recall	Group size	0.05	0.10	0.15	0.20	0.25	0.30	0.35	0.40	0.45	0.50	0.55	0.60	0.65	0.70	0.75	0.80	0.85	0.90	0.95	1.00
../do_orco1.tab vs. ../no_orco1.tab	0.036222527496	Precision	1	0.500000	0.500000	0.749952	0.749952	0.749952	0.749952	0.749952	0.749952	0.749952	0.749952	0.749952	0.749952	0.749952	0.749952	0.749952	0.749952	0.749952	0.749952	0.749952	0.749952
../do_orco1.tab vs. ../no_orco1.tab	0.036222527496	Precision	2	0.500000	0.500000	0.749952	0.749952	0.749952	0.749952	0.749952	0.749952	0.749952	0.749952	0.749952	0.749952	0.749952	0.749952	0.749952	0.749952	0.749952	0.749952	0.749952	0.749952
../do_orco1.tab vs. ../no_orco1.tab	0.036222527496	Precision	3	0.500000	0.500000	0.749952	0.749952	0.749952	0.749952	0.749952	0.749952	0.749952	0.749952	0.749952	0.749952	0.749952	0.749952	0.749952	0.749952	0.749952	0.749952	0.749952	0.749952
../do_orco1.tab vs. ../no_orco1.tab	0.036551999694	Precision	4	0.500000	0.780417	0.780417	0.780417	0.555642	0.555642	0.555642	0.554821	0.554821	0.554821	0.553395	0.553395	0.534766	0.534766	0.534766	0.534766	0.534766	0.534766	0.534766	0.534766
../do_orco1.tab vs. ../no_orco1.tab	0.038088178113	Precision	5	0.500000	0.780417	0.780417	0.780417	0.555642	0.555642	0.555642	0.554821	0.554821	0.554821	0.553648	0.553648	0.544060	0.537290	0.532223	0.532223	0.532223	0.532223	0.532223	0.532223
../do_orco1.tab vs. ../no_orco1.tab	0.038903821072	Precision	6	0.500000	0.780417	0.780417	0.780417	0.555642	0.555642	0.555642	0.554821	0.554821	0.554821	0.553648	0.553648	0.544060	0.537290	0.529832	0.524119	0.524119	0.524119	0.524119	0.524119
../do_orco1.tab vs. ../no_orco1.tab	0.039613838456	Precision	7	0.500000	0.780417	0.780417	0.780417	0.558043	0.558043	0.552495	0.552495	0.552495	0.551200	0.551200	0.548876	0.548876	0.538292	0.535591	0.530373	0.520647	0.520647	0.520647	0.520647
../do_orco1.tab vs. ../no_orco1.tab	0.040118766510	Precision	8	0.500000	0.780417	0.780417	0.780417	0.558043	0.558043	0.552495	0.552495	0.552495	0.551200	0.551200	0.548876	0.548876	0.538292	0.533295	0.529160	0.526126	0.518762	0.518762	0.518762
../do_orco1.tab vs. ../no_orco1.tab	0.040432868398	Precision	9	0.500000	0.780417	0.780417	0.780417	0.558043	0.558043	0.552495	0.552495	0.552495	0.551200	0.551200	0.548876	0.548876	0.538292	0.535591	0.530373	0.524635	0.518506	0.516699	0.516699
../do_orco1.tab vs. ../no_orco1.tab	0.040660011593	Precision	10	0.500000	0.780417	0.780417	0.780417	0.558043	0.558043	0.552495	0.552495	0.552495	0.551200	0.551200	0.548876	0.548876	0.538292	0.533295	0.529160	0.526126	0.518846	0.515095	0.515095
../do_orco1.tab vs. ../no_orco1.tab	0.040721752300	Precision	11	0.500000	0.780417	0.780417	0.780417	0.558043	0.558043	0.552495	0.552495	0.552495	0.551200	0.551200	0.548876	0.548876	0.538292	0.533295	0.529160	0.526126	0.518846	0.515105	0.515105
../do_orco1.tab vs. ../no_orco1.tab	0.036005249121	Precision	12	0.650616	0.649618	0.648932	0.632687	0.608822	0.604287	0.584966	0.576961	0.568759	0.567909	0.560298	0.549756	0.545052	0.540550	0.537688	0.521041	0.520017	0.511543	0.506830	0.504931
../do_orco1.tab vs. ../no_orco1.tab	0.040725599621	Precision	13	0.500000	0.780417	0.780417	0.780417	0.558043	0.558043	0.552495	0.552495	0.552495	0.551200	0.551200	0.548876	0.548876	0.542335	0.531302	0.527779	0.524938	0.519303	0.515583	0.514953
../do_orco1.tab vs. ../no_orco1.tab	0.040721752300	Precision	14	0.500000	0.780417	0.780417	0.780417	0.558043	0.558043	0.552495	0.552495	0.552495	0.551200	0.551200	0.548876	0.548876	0.538292	0.533295	0.529160	0.526126	0.518846	0.515105	0.515105
../do_orco1.tab vs. ../no_orco1.tab	0.036960899872	Precision	15	0.650616	0.649618	0.648932	0.632687	0.608822	0.604287	0.584966	0.576961	0.568759	0.567909	0.561378	0.557571	0.547942	0.539431	0.535819	0.533688	0.519710	0.519029	0.511908	0.504193
../do_orco1.tab vs. ../no_orco1.tab	0.037174761208	Precision	16	0.624088	0.610375	0.612678	0.598763	0.606625	0.616109	0.621789	0.601458	0.579836	0.573426	0.561636	0.561766	0.557532	0.541108	0.534336	0.529499	0.524330	0.512722	0.505519	0.500679
../do_orco1.tab vs. ../no_orco1.tab	0.037602031417	Precision	17	0.624088	0.610375	0.612678	0.598763	0.606625	0.616109	0.621789	0.601458	0.579836	0.573426	0.561636	0.561766	0.557532	0.541108	0.537468	0.533650	0.527588	0.519982	0.507258	0.500739
../do_orco1.tab vs. ../no_orco1.tab	0.037988739789	Precision	18	0.624088	0.610375	0.612678	0.598763	0.606625	0.616109	0.621789	0.601458	0.579836	0.573426	0.561636	0.561766	0.557554	0.548963	0.538859	0.535211	0.525868	0.518991	0.512538	0.501875
../do_orco1.tab vs. ../no_orco1.tab	0.038234943861	Precision	19	0.639955	0.635960	0.639124	0.628976	0.624097	0.617380	0.614072	0.585579	0.576829	0.568218	0.556802	0.559210	0.546682	0.540186	0.533301	0.532267	0.525969	0.517696	0.513764	0.501274
../do_orco1.tab vs. ../no_orco1.tab	0.038477881841	Precision	20	0.614390	0.619131	0.644426	0.631795	0.615891	0.619679	0.609322	0.607132	0.579190	0.574386	0.566022	0.564141	0.558868	0.550832	0.537877	0.526573	0.520118	0.517949	0.511674	0.500847
../do_orco1.tab vs. ../no_orco1.tab	0.038790830108	Precision	21	0.608003	0.621160	0.631757	0.622758	0.613545	0.610042	0.603892	0.597529	0.580725	0.576181	0.566079	0.566072	0.561310	0.548610	0.546287	0.533476	0.527235	0.518907	0.506607	0.500897
../do_orco1.tab vs. ../no_orco1.tab	0.038918740813	Precision	22	0.614405	0.624029	0.631460	0.625347	0.609204	0.614918	0.613811	0.608473	0.579724	0.576718	0.570155	0.558957	0.557584	0.548586	0.538105	0.525175	0.521283	0.516855	0.511533	0.501972
../do_orco1.tab vs. ../no_orco1.tab	0.039196939446	Precision	23	0.608003	0.621160	0.631757	0.622758	0.613545	0.610042	0.603892	0.597529	0.580725	0.576181	0.566079	0.566072	0.561310	0.549758	0.548856	0.534515	0.528625	0.520200	0.509303	0.500658
../do_orco1.tab vs. ../no_orco1.tab	0.039359206430	Precision	24	0.608003	0.621160	0.631757	0.622758	0.613545	0.610042	0.603892	0.597529	0.580725	0.576181	0.566079	0.566072	0.561310	0.549758	0.548856	0.534515	0.528625	0.520200	0.512755	0.502927
../do_orco1.tab vs. ../no_orco1.tab	0.039417762099	Precision	25	0.608003	0.621160	0.631757	0.622758	0.613545	0.610042	0.603892	0.597529	0.580725	0.576181	0.566079	0.566072	0.561310	0.549758	0.548856	0.534515	0.528625	0.520200	0.516017	0.503816
../do_orco1.tab vs. ../no_orco1.tab	0.039441338235	Precision	26	0.608003	0.621160	0.631757	0.622758	0.613545	0.610042	0.603892	0.597529	0.580725	0.576181	0.566079	0.566072	0.561310	0.549758	0.548856	0.542976	0.528300	0.518855	0.515967	0.503416
../do_orco1.tab vs. ../no_orco1.tab	0.039462917256	Precision	27	0.608003	0.621160	0.631757	0.622758	0.613545	0.610042	0.603892	0.597529	0.580725	0.576181	0.566079	0.566072	0.561310	0.549758	0.548856	0.542976	0.528300	0.523811	0.516460	0.502924
../do_orco1.tab vs. ../no_orco1.tab	0.039472450598	Precision	28	0.608003	0.621160	0.631757	0.622758	0.613545	0.610042	0.603892	0.597529	0.580725	0.576181	0.566079	0.566072	0.561310	0.549758	0.548856	0.542976	0.528300	0.522326	0.517007	0.502434
../do_orco1.tab vs. ../no_orco1.tab	0.039480230146	Precision	29	0.608003	0.621160	0.631757	0.622758	0.613545	0.610042	0.603892	0.597529	0.580725	0.576181	0.566079	0.566072	0.561310	0.549758	0.548856	0.542976	0.526393	0.525061	0.517245	0.502219
../do_orco1.tab vs. ../no_orco1.tab	0.039484522737	Precision	30	0.608003	0.621160	0.631757	0.622758	0.613545	0.610042	0.603892	0.597529	0.580725	0.576181	0.566079	0.566072	0.561310	0.549758	0.548856	0.542976	0.526393	0.525061	0.517245	0.502682
../do_orco1.tab vs. ../no_orco1.tab	0.039525554007	Precision	31	0.626652	0.621038	0.609344	0.600935	0.616772	0.610308	0.604799	0.587720	0.582304	0.579089	0.573121	0.573338	0.567410	0.555979	0.549853	0.542892	0.532272	0.527086	0.512506	0.500541
../do_orco1.tab vs. ../no_orco1.tab	0.039546286520	Precision	32	0.640730	0.627174	0.613015	0.603193	0.618656	0.610534	0.606912	0.584812	0.584979	0.583427	0.575830	0.569041	0.557553	0.550979	0.545947	0.539332	0.528982	0.527650	0.510532	0.500450
../do_orco1.tab vs. ../no_orco1.tab	0.039658692943	Precision	33	0.626652	0.621038	0.609344	0.600935	0.616772	0.610308	0.604799	0.587720	0.582304	0.579089	0.573121	0.573338	0.567410	0.555979	0.547466	0.546939	0.534280	0.527226	0.512310	0.500602
../do_orco1.tab vs. ../no_orco1.tab	0.039700237551	Precision	34	0.640730	0.627174	0.613015	0.603193	0.618656	0.610534	0.606912	0.584812	0.584979	0.583427	0.575830	0.569041	0.557553	0.550979	0.545961	0.538096	0.531288	0.527451	0.509634	0.500450
../do_orco1.tab vs. ../no_orco1.tab	0.039729423103	Precision	35	0.640730	0.627174	0.613015	0.603193	0.618656	0.610534	0.606912	0.584812	0.584979	0.583427	0.575830	0.569041	0.557553	0.550979	0.545961	0.538096	0.531288	0.527451	0.509667	0.500450
../do_orco1.tab vs. ../no_orco1.tab	0.039754640229	Precision	36	0.640730	0.627174	0.613015	0.603193	0.618656	0.610534	0.606912	0.584812	0.584979	0.583427	0.575830	0.569041	0.557553	0.550979	0.545961	0.538096	0.531288	0.527451	0.512387	0.500450
../do_orco1.tab vs. ../no_orco1.tab	0.039772456395	Precision	37	0.640730	0.627174	0.613015	0.603193	0.618656	0.610534	0.606912	0.584812	0.584979	0.583427	0.575830	0.569041	0.557553	0.550979	0.545961	0.538096	0.531288	0.527451	0.512387	0.502166
../do_orco1.tab vs. ../no_orco1.tab	0.039776860939	Precision	38	0.640730	0.627174	0.613015	0.603193	0.618656	0.610534	0.606912	0.584812	0.584979	0.583427	0.575830	0.569041	0.557553	0.550979	0.545961	0.538096	0.531288	0.527451	0.512387	0.502940
../do_orco1.tab vs. ../no_orco1.tab	0.039779430741	Precision	39	0.640730	0.627174	0.613015	0.603193	0.618656	0.610534	0.606912	0.584812	0.584979	0.583427	0.575830	0.569041	0.557553	0.550979	0.545961	0.538096	0.531288	0.527451	0.512387	0.506264
../do_orco1.tab vs. ../no_orco1.tab	0.039780256876	Precision	40	0.640730	0.627174	0.613015	0.603193	0.618656	0.610534	0.606912	0.584812	0.584979	0.583427	0.575830	0.569041	0.557553	0.550979	0.545961	0.538096	0.531288	0.527451	0.512004	0.505829
../do_orco1.tab vs. ../no_orco1.tab	0.039780379947	Precision	41	0.640730	0.627174	0.613015	0.603193	0.618656	0.610534	0.606912	0.584812	0.584979	0.583427	0.575830	0.569041	0.557553	0.550979	0.545961	0.538096	0.531288	0.527451	0.512004	0.505953
../do_orco1.tab vs. ../no_orco1.tab	0.039780379947	Precision	42	0.640730	0.627174	0.613015	0.603193	0.618656	0.610534	0.606912	0.584812	0.584979	0.583427	0.575830	0.569041	0.557553	0.550979	0.545961	0.538096	0.531288	0.527451	0.512004	0.505953
../do_orco1.tab vs. ../no_orco1.tab	0.039780379947	Precision	43	0.640730	0.627174	0.613015	0.603193	0.618656	0.610534	0.606912	0.584812	0.584979	0.583427	0.575830	0.569041	0.557553	0.550979	0.545961	0.538096	0.531288	0.527451	0.512004	0.505953
../do_orco1.tab vs. ../no_orco1.tab	0.039780379947	Precision	44	0.640730	0.627174	0.613015	0.603193	0.618656	0.610534	0.606912	0.584812	0.584979	0.583427	0.575830	0.569041	0.557553	0.550979	0.545961	0.538096	0.531288	0.527451	0.512004	0.505953
../do_orco1.tab vs. ../no_orco1.tab	0.039780379947	Precision	45	0.640730	0.627174	0.613015	0.603193	0.618656	0.610534	0.606912	0.584812	0.584979	0.583427	0.575830	0.569041	0.557553	0.550979	0.545961	0.538096	0.531288	0.527451	0.512004	0.505953
../do_orco1.tab vs. ../no_orco1.tab	0.039780379947	Precision	46	0.640730	0.627174	0.613015	0.603193	0.618656	0.610534	0.606912	0.584812	0.584979	0.583427	0.575830	0.569041	0.557553	0.550979	0.545961	0.538096	0.531288	0.527451	0.512004	0.505953
../do_orco1.tab vs. ../no_orco1.tab	0.039780379947	Precision	47	0.640730	0.627174	0.613015	0.603193	0.618656	0.610534	0.606912	0.584812	0.584979	0.583427	0.575830	0.569041	0.557553	0.550979	0.545961	0.538096	0.531288	0.527451	0.512004	0.505953
../do_orco1.tab vs. ../no_orco1.tab	0.039780379947	Precision	48	0.640730	0.627174	0.613015	0.603193	0.618656	0.610534	0.606912	0.584812	0.584979	0.583427	0.575830	0.569041	0.557553	0.550979	0.545961	0.538096	0.531288	0.527451	0.512004	0.505953
../do_orco1.tab vs. ../no_orco1.tab	0.039780379947	Precision	49	0.640730	0.627174	0.613015	0.603193	0.618656	0.610534	0.606912	0.584812	0.584979	0.583427	0.575830	0.569041	0.557553	0.550979	0.545961	0.538096	0.531288	0.527451	0.512004	0.505953
../do_orco1.tab vs. ../no_orco1.tab	0.039780379947	Precision	50	0.640730	0.627174	0.613015	0.603193	0.618656	0.610534	0.606912	0.584812	0.584979	0.583427	0.575830	0.569041	0.557553	0.550979	0.545961	0.538096	0.531288	0.527451	0.512004	0.505953
