Data	AUCPR	Recall	Group size	0.05	0.10	0.15	0.20	0.25	0.30	0.35	0.40	0.45	0.50	0.55	0.60	0.65	0.70	0.75	0.80	0.85	0.90	0.95	1.00
../do_peb4.tab vs. ../no_peb4.tab	0.037609207013	Precision	1	0.500000	0.500000	0.751523	0.751523	0.751523	0.751523	0.751523	0.751523	0.751523	0.751523	0.751523	0.751523	0.751523	0.751523	0.751523	0.751523	0.751523	0.751523	0.751523	0.751523
../do_peb4.tab vs. ../no_peb4.tab	0.038162097055	Precision	2	0.838644	0.838644	0.838644	0.661370	0.661370	0.661370	0.621117	0.577448	0.568038	0.560581	0.560581	0.560581	0.560581	0.560581	0.560581	0.560581	0.560581	0.560581	0.560581	0.560581
../do_peb4.tab vs. ../no_peb4.tab	0.042785398223	Precision	3	0.838644	0.838644	0.838644	0.661370	0.661370	0.661370	0.621117	0.621117	0.585776	0.585776	0.554063	0.551370	0.531997	0.531997	0.531997	0.531997	0.531997	0.531997	0.531997	0.531997
../do_peb4.tab vs. ../no_peb4.tab	0.046095007246	Precision	4	0.838644	0.838644	0.838644	0.661370	0.661370	0.661370	0.621117	0.621117	0.585776	0.585776	0.585776	0.568371	0.550542	0.544043	0.527230	0.527230	0.527230	0.527230	0.527230	0.527230
../do_peb4.tab vs. ../no_peb4.tab	0.047678111800	Precision	5	0.838644	0.838644	0.838644	0.661370	0.661370	0.661370	0.621117	0.621117	0.585776	0.585776	0.585776	0.568371	0.559717	0.554965	0.548228	0.528530	0.523717	0.523717	0.523717	0.523717
../do_peb4.tab vs. ../no_peb4.tab	0.048945576013	Precision	6	0.838644	0.838644	0.838644	0.661370	0.661370	0.661370	0.621117	0.621117	0.585776	0.585776	0.585776	0.568371	0.559717	0.554965	0.548295	0.545330	0.533152	0.523767	0.523767	0.523767
../do_peb4.tab vs. ../no_peb4.tab	0.049693497919	Precision	7	0.838644	0.838644	0.838644	0.661370	0.661370	0.661370	0.621117	0.621117	0.585776	0.585776	0.585776	0.568371	0.559717	0.554965	0.550246	0.544915	0.541478	0.521155	0.521155	0.521155
../do_peb4.tab vs. ../no_peb4.tab	0.049955618554	Precision	8	0.838644	0.838644	0.650863	0.650863	0.629561	0.629561	0.629561	0.616348	0.616348	0.587590	0.572152	0.572152	0.563051	0.563051	0.552153	0.547380	0.537885	0.534104	0.521134	0.521134
../do_peb4.tab vs. ../no_peb4.tab	0.050224643444	Precision	9	0.838644	0.838644	0.650863	0.650863	0.629561	0.629561	0.629561	0.616348	0.616348	0.587590	0.572152	0.572152	0.563051	0.563051	0.552153	0.547380	0.537885	0.537506	0.519911	0.519911
../do_peb4.tab vs. ../no_peb4.tab	0.050430360715	Precision	10	0.838644	0.838644	0.650863	0.650863	0.629561	0.629561	0.629561	0.616348	0.616348	0.587590	0.572152	0.572152	0.563051	0.563051	0.552153	0.547380	0.537885	0.537506	0.522836	0.517060
../do_peb4.tab vs. ../no_peb4.tab	0.050914236599	Precision	11	0.804800	0.747192	0.670091	0.666267	0.606960	0.606242	0.600902	0.606253	0.604229	0.591288	0.582748	0.564009	0.541833	0.534963	0.524917	0.523048	0.527907	0.523367	0.517793	0.511785
../do_peb4.tab vs. ../no_peb4.tab	0.052214665410	Precision	12	0.843841	0.736998	0.678735	0.649683	0.627643	0.614119	0.601588	0.602482	0.604975	0.602730	0.579062	0.570328	0.561275	0.541243	0.526499	0.524246	0.522062	0.521493	0.520251	0.510256
../do_peb4.tab vs. ../no_peb4.tab	0.052828898980	Precision	13	0.859639	0.725399	0.706343	0.638923	0.634093	0.604088	0.613534	0.595367	0.597227	0.594880	0.584623	0.569120	0.553003	0.555522	0.538984	0.528307	0.522980	0.521438	0.515016	0.509008
../do_peb4.tab vs. ../no_peb4.tab	0.053495620233	Precision	14	0.859639	0.725399	0.706343	0.638923	0.625532	0.615003	0.609509	0.595055	0.590826	0.591361	0.590853	0.570906	0.571769	0.555815	0.534249	0.529758	0.527796	0.519861	0.513706	0.508406
../do_peb4.tab vs. ../no_peb4.tab	0.054145819213	Precision	15	0.859639	0.722046	0.699724	0.659113	0.643726	0.623235	0.603371	0.601699	0.586818	0.590058	0.586841	0.567617	0.562231	0.547765	0.547402	0.534917	0.525144	0.523795	0.516911	0.507714
../do_peb4.tab vs. ../no_peb4.tab	0.054786122761	Precision	16	0.859639	0.722046	0.699724	0.664118	0.632130	0.608751	0.601214	0.594350	0.581416	0.582795	0.582156	0.584592	0.569534	0.570815	0.553085	0.535164	0.532427	0.526139	0.516093	0.513578
../do_peb4.tab vs. ../no_peb4.tab	0.055024241937	Precision	17	0.859639	0.722046	0.699724	0.664118	0.632130	0.608751	0.601214	0.594350	0.581416	0.582795	0.582156	0.584592	0.569534	0.570815	0.565819	0.551932	0.538808	0.526011	0.515210	0.511483
../do_peb4.tab vs. ../no_peb4.tab	0.055291385645	Precision	18	0.859639	0.722046	0.699724	0.664118	0.632130	0.608751	0.601214	0.594350	0.581416	0.582795	0.582156	0.584592	0.569534	0.570815	0.565819	0.551932	0.541598	0.525039	0.514343	0.509900
../do_peb4.tab vs. ../no_peb4.tab	0.055494542076	Precision	19	0.859639	0.722046	0.699724	0.664118	0.632130	0.608751	0.601214	0.594350	0.581416	0.582795	0.582156	0.584592	0.569534	0.570815	0.565819	0.551932	0.541598	0.534978	0.517867	0.508642
../do_peb4.tab vs. ../no_peb4.tab	0.055630803966	Precision	20	0.859639	0.722046	0.699724	0.664118	0.632130	0.608751	0.601214	0.594350	0.581416	0.582795	0.582156	0.584592	0.569534	0.570815	0.565819	0.551932	0.541598	0.534978	0.525997	0.508329
../do_peb4.tab vs. ../no_peb4.tab	0.055815007810	Precision	21	0.854061	0.710308	0.687278	0.678311	0.646447	0.623863	0.620022	0.595996	0.595653	0.574035	0.571450	0.573160	0.577416	0.560960	0.561544	0.558145	0.541047	0.526756	0.510935	0.503411
../do_peb4.tab vs. ../no_peb4.tab	0.056056409580	Precision	22	0.854061	0.704581	0.681065	0.675625	0.653650	0.627923	0.617355	0.608579	0.592396	0.582756	0.564896	0.567709	0.572742	0.560678	0.556687	0.558626	0.536796	0.521380	0.515160	0.502664
../do_peb4.tab vs. ../no_peb4.tab	0.056340360613	Precision	23	0.854061	0.704581	0.681065	0.675625	0.653650	0.627923	0.617355	0.608579	0.592396	0.582756	0.564896	0.567709	0.572742	0.560678	0.556687	0.558626	0.539187	0.525025	0.514097	0.502139
../do_peb4.tab vs. ../no_peb4.tab	0.056539994649	Precision	24	0.832465	0.710879	0.674962	0.681168	0.655679	0.628800	0.618995	0.619131	0.589444	0.593263	0.572280	0.568993	0.571541	0.570933	0.551864	0.551601	0.537380	0.522143	0.515067	0.503670
../do_peb4.tab vs. ../no_peb4.tab	0.056847862262	Precision	25	0.832465	0.744300	0.677346	0.670750	0.658535	0.618727	0.612641	0.610439	0.594259	0.593108	0.584962	0.565626	0.570709	0.564905	0.561926	0.547273	0.542488	0.528393	0.514340	0.502793
../do_peb4.tab vs. ../no_peb4.tab	0.057009226640	Precision	26	0.810720	0.756895	0.710775	0.685713	0.657423	0.642505	0.619316	0.615472	0.589312	0.585425	0.582213	0.557829	0.559946	0.560549	0.558009	0.548158	0.542362	0.519154	0.509511	0.503100
../do_peb4.tab vs. ../no_peb4.tab	0.057276320160	Precision	27	0.832465	0.719735	0.684170	0.678507	0.647710	0.635114	0.622216	0.618622	0.611294	0.599690	0.596761	0.578445	0.564635	0.562113	0.561771	0.547443	0.539033	0.510697	0.507785	0.502400
../do_peb4.tab vs. ../no_peb4.tab	0.057672330361	Precision	28	0.832465	0.719735	0.684170	0.678507	0.647710	0.635114	0.622216	0.606794	0.608356	0.591905	0.591891	0.591247	0.575025	0.562843	0.564899	0.551635	0.538056	0.526971	0.515258	0.505702
../do_peb4.tab vs. ../no_peb4.tab	0.057777136069	Precision	29	0.810720	0.758652	0.693640	0.675555	0.655662	0.645652	0.623473	0.614333	0.607644	0.586082	0.583327	0.571023	0.553984	0.556528	0.558899	0.543863	0.540058	0.531269	0.507713	0.501745
../do_peb4.tab vs. ../no_peb4.tab	0.057994004792	Precision	30	0.810720	0.758652	0.693640	0.666953	0.655947	0.646222	0.627335	0.612875	0.608546	0.585740	0.584028	0.577746	0.562257	0.558259	0.556292	0.546012	0.541363	0.535731	0.508373	0.501745
../do_peb4.tab vs. ../no_peb4.tab	0.058100489079	Precision	31	0.832465	0.719735	0.684170	0.678507	0.647710	0.635114	0.622216	0.606794	0.608356	0.591905	0.591891	0.591247	0.575025	0.561230	0.562144	0.560812	0.539282	0.536632	0.518988	0.504685
../do_peb4.tab vs. ../no_peb4.tab	0.058207888057	Precision	32	0.832465	0.719735	0.684170	0.678507	0.647710	0.635114	0.622216	0.606794	0.608356	0.591225	0.592956	0.592628	0.576471	0.562113	0.562381	0.560388	0.538159	0.535638	0.521191	0.504288
../do_peb4.tab vs. ../no_peb4.tab	0.058296107233	Precision	33	0.832465	0.719735	0.684170	0.678507	0.647710	0.635114	0.622216	0.606794	0.608356	0.591225	0.592956	0.592628	0.576471	0.562113	0.560919	0.559031	0.539697	0.536632	0.522584	0.504067
../do_peb4.tab vs. ../no_peb4.tab	0.058377210212	Precision	34	0.832465	0.719735	0.684170	0.678507	0.647710	0.635114	0.622216	0.606794	0.608356	0.591225	0.592956	0.592628	0.576471	0.562113	0.560919	0.559031	0.539697	0.536632	0.521108	0.510427
../do_peb4.tab vs. ../no_peb4.tab	0.058453196447	Precision	35	0.832465	0.719735	0.684170	0.678507	0.647710	0.635114	0.622216	0.606794	0.608356	0.591225	0.592956	0.592628	0.576471	0.562113	0.562381	0.560388	0.542181	0.536025	0.523850	0.509024
../do_peb4.tab vs. ../no_peb4.tab	0.058493276612	Precision	36	0.822076	0.716167	0.688947	0.676898	0.655607	0.637243	0.622608	0.607324	0.609866	0.591775	0.592311	0.592931	0.579449	0.561809	0.561222	0.561671	0.541767	0.534760	0.522845	0.508800
../do_peb4.tab vs. ../no_peb4.tab	0.058505494109	Precision	37	0.822076	0.716167	0.688947	0.676898	0.655607	0.637243	0.622608	0.607324	0.609866	0.591775	0.592311	0.592931	0.579449	0.561809	0.561222	0.561671	0.541767	0.534760	0.522845	0.511941
../do_peb4.tab vs. ../no_peb4.tab	0.058507237193	Precision	38	0.822076	0.716167	0.688947	0.676898	0.655607	0.637243	0.622608	0.607324	0.609866	0.591775	0.592311	0.592931	0.579449	0.561809	0.561222	0.561671	0.541767	0.534760	0.522845	0.511941
../do_peb4.tab vs. ../no_peb4.tab	0.058507237193	Precision	39	0.822076	0.716167	0.688947	0.676898	0.655607	0.637243	0.622608	0.607324	0.609866	0.591775	0.592311	0.592931	0.579449	0.561809	0.561222	0.561671	0.541767	0.534760	0.522845	0.511941
../do_peb4.tab vs. ../no_peb4.tab	0.058507237193	Precision	40	0.822076	0.716167	0.688947	0.676898	0.655607	0.637243	0.622608	0.607324	0.609866	0.591775	0.592311	0.592931	0.579449	0.561809	0.561222	0.561671	0.541767	0.534760	0.522845	0.511941
../do_peb4.tab vs. ../no_peb4.tab	0.058507237193	Precision	41	0.822076	0.716167	0.688947	0.676898	0.655607	0.637243	0.622608	0.607324	0.609866	0.591775	0.592311	0.592931	0.579449	0.561809	0.561222	0.561671	0.541767	0.534760	0.522845	0.511941
../do_peb4.tab vs. ../no_peb4.tab	0.058507237193	Precision	42	0.822076	0.716167	0.688947	0.676898	0.655607	0.637243	0.622608	0.607324	0.609866	0.591775	0.592311	0.592931	0.579449	0.561809	0.561222	0.561671	0.541767	0.534760	0.522845	0.511941
../do_peb4.tab vs. ../no_peb4.tab	0.058507237193	Precision	43	0.822076	0.716167	0.688947	0.676898	0.655607	0.637243	0.622608	0.607324	0.609866	0.591775	0.592311	0.592931	0.579449	0.561809	0.561222	0.561671	0.541767	0.534760	0.522845	0.511941
../do_peb4.tab vs. ../no_peb4.tab	0.058507237193	Precision	44	0.822076	0.716167	0.688947	0.676898	0.655607	0.637243	0.622608	0.607324	0.609866	0.591775	0.592311	0.592931	0.579449	0.561809	0.561222	0.561671	0.541767	0.534760	0.522845	0.511941
../do_peb4.tab vs. ../no_peb4.tab	0.058507237193	Precision	45	0.822076	0.716167	0.688947	0.676898	0.655607	0.637243	0.622608	0.607324	0.609866	0.591775	0.592311	0.592931	0.579449	0.561809	0.561222	0.561671	0.541767	0.534760	0.522845	0.511941
../do_peb4.tab vs. ../no_peb4.tab	0.058507237193	Precision	46	0.822076	0.716167	0.688947	0.676898	0.655607	0.637243	0.622608	0.607324	0.609866	0.591775	0.592311	0.592931	0.579449	0.561809	0.561222	0.561671	0.541767	0.534760	0.522845	0.511941
../do_peb4.tab vs. ../no_peb4.tab	0.058507237193	Precision	47	0.822076	0.716167	0.688947	0.676898	0.655607	0.637243	0.622608	0.607324	0.609866	0.591775	0.592311	0.592931	0.579449	0.561809	0.561222	0.561671	0.541767	0.534760	0.522845	0.511941
../do_peb4.tab vs. ../no_peb4.tab	0.058507237193	Precision	48	0.822076	0.716167	0.688947	0.676898	0.655607	0.637243	0.622608	0.607324	0.609866	0.591775	0.592311	0.592931	0.579449	0.561809	0.561222	0.561671	0.541767	0.534760	0.522845	0.511941
../do_peb4.tab vs. ../no_peb4.tab	0.058507237193	Precision	49	0.822076	0.716167	0.688947	0.676898	0.655607	0.637243	0.622608	0.607324	0.609866	0.591775	0.592311	0.592931	0.579449	0.561809	0.561222	0.561671	0.541767	0.534760	0.522845	0.511941
../do_peb4.tab vs. ../no_peb4.tab	0.058507237193	Precision	50	0.822076	0.716167	0.688947	0.676898	0.655607	0.637243	0.622608	0.607324	0.609866	0.591775	0.592311	0.592931	0.579449	0.561809	0.561222	0.561671	0.541767	0.534760	0.522845	0.511941
