../do_orco4.tab vs. ../no_orco4.tab
			1	2	3	4	5	6	7	8	9	10	11	12	13	14	15	16	17	18	19	20	21	22	23	24	25	26	27	28	29	30	31	32	33
XBP1 {1.1.5}	Xbp1	MA2293.1																	17	17															
CREB {1.1.7}	CrebA	MA2209.1																			19	19	19	19	19	19	19	19	19	19	19	19	19	19	19
Tal {1.2.3}	ato	MA2195.1																		18	18	18	18	18	18	18	18	18	18	18	18	18	18	18	18
Hairy {1.2.4}	dpn	MA2217.1	1	1	1	1	1																												
Hairy {1.2.4}	E(spl)mbeta-HLH	MA2220.1									9				13		15	15	15																
bHLH-ZIP {1.2.6}	dm	MA2215.1																		18							25	25	25	25		30	30	30	
bHLH-ZIP {1.2.6}	Max	MA2255.1																			19	19	19	19	19	19					29				33
bHLH-ZIP {1.2.6}	Mitf	MA2257.1																															31	31	31
bHLH-ZIP {1.2.6}	SREBP	MA2281.1							7	7	7	7	7	7	7	7	7	7	7	7	7	7	7	7	7	7	7	7	7	7	7	7	7	7	7
AP-2 {1.3.1}	TfAP-2	MA2287.1						6	6	6	6	6	6	6	6	6	6	6	6	6	6	6	6	6	6	6	6	6	6	6	6	6	6	6	6
Steroid HR {2.1.1}	ERR	MA2226.1																							23	23	23						31	31	31
Thyroid HR {2.1.2}	knrl	MA2251.1													13	13	13	13	13	13	13	13	13	13	13	13	13	13	13	13	13	13	13	13	13
RXR R {2.1.3}	dsf	MA2218.1																											27	27	27	27	27	27	27
RXR R {2.1.3}	Hr78	MA2245.1																				20	20	20	20	20	20	20	20	20	20	20	20	20	20
FTZF1 (NR5A) {2.1.5}	ftz-f1	MA2311.1																		18								26	26	26	26	26	26	26	26
GCNF (NR6) {2.1.6}	Hr39	MA2244.1																16	16		19	19	19	19				26	26	26	26	26			
C4-GATA {2.2.1}	srp	MA2283.1																			19		21	21	21	21	21	21	21	21	21	21	21	21	21
3-ZF Kruppel {2.3.1}	Bteb2	MA2201.1										10	10	10	10	10	10	10	10	10	10	10	10	10	10	10	10	10	10	10	10	10	10	10	10
3-ZF Kruppel {2.3.1}	hkb	MA0450.1																										26	26	26	26	26	26	26	26
More than 3 adj ZFs {2.3.3}	CG4854	MA2299.1																									25						31	31	31
More than 3 adj ZFs {2.3.3}	esg	MA2227.1																																	33
More than 3 adj ZFs {2.3.3}	opa	MA0456.1						6	6	6	6	6	6	6	6	6	6	6	6	6	6	6	6	6	6	6	6	6	6	6	6	6	6	6	6
More than 3 adj ZFs {2.3.3}	phol	MA2261.1								8	8	8	8	8	8	8	8	8	8	8	8	8	8	8	8	8	8	8	8	8	8	8	8	8	8
More than 3 adj ZFs {2.3.3}	Trl	MA0205.3																							23	23	23	23	23	23	23	23	23	23	23
More than 3 adj ZFs {2.3.3}	vfl	MA1462.2																													29	29	29	29	29
Multiple dispersed ZFs {2.3.4}	su(Hw)	MA0533.1												12		14	14	14	14	14	14	14	14	14	14	14	14	14	14	14	14	14	14	14	14
HOX {3.1.1}	B-H2	MA0169.1					5																												
HOX {3.1.1}	exex	MA0224.1					5																												
NK {3.1.2}	CG15696	MA0176.1				4																													
NK {3.1.2}	E5	MA0189.2			3																														
NK {3.1.2}	ems	MA0219.1		2																															
TALE-type HD {3.1.4}	CG11617	MA0173.1				4																													
HD-LIM {3.1.5}	CG4328	MA0182.1					5																												
HD-LIM {3.1.5}	Lim3	MA0195.2				4																													
HD-CUT {3.1.9}	dve	MA0915.2					5																												
POU {3.1.10}	pdm2	MA2467.1						6	6	6	6	6	6	6	6	6	6	6	6	6	6	6	6	6	6	6	6	6	6	6	6	6	6	6	6
FOX {3.3.1}	bin	MA2197.1			3																														
FOX {3.3.1}	Crg-1	MA2302.1										10	10	10	10	10	10	10	10	10	10	10	10	10	10	10	10	10	10	10	10	10	10	10	10
Ets {3.5.2}	aop	MA2296.1																														30		32	32
SOX {4.1.1}	Sox14	MA2274.1														14	14	14	14	14	14	14	14	14	14	14	14	14	14	14	14	14	14	14	14
SOX {4.1.1}	Sox21a	MA2276.1																				20	20	20	20	20	20	20	20	20	20	20	20	20	20
RHR {6.1}	dl	MA0023.1						6	6	6	6	6	6	6	6	6	6	6	6	6	6	6	6	6	6	6	6	6	6	6	6	6	6	6	6
Runt {6.4.1}	Bgb::run	MA0242.1										10			13	13	13	13																	
Runt {6.4.1}	lz	MA2254.1						6	6	6	6		11	11					17	17	17	17	17	17	17	17	17	17	17	17	17	17	17	17	17
Brachyury {6.5.1}	byn	MA2202.1										10	10	10	10	10	10	10	10	10	10	10	10	10	10	10	10	10	10	10	10	10	10	10	10
TBX1 {6.5.3}	mid	MA2256.1																								24	24	24	24	24	24	24	24	24	24
GCM {7.2.1}	gcm	MA1840.2																												28	28	28	28	28	28
TBP {8.1.1}	TBP	TBP.H14CORE.0.P.B						6	6	6	6		11	11	11	11	11	11	11	11	11	11	11	11	11	11	11	11	11	11	11	11	11	11	11
Unknown {0.0}	brk	MA0213.1																						22	22	22	22	22	22	22	22	22	22	22	22
