../up_orco4.tab vs. ../no_orco4.tab
			1	2	3	4	5	6	7	8	9	10	11	12	13	14	15	16	17	18	19	20	21	22	23	24	25	26	27	28	29	30	31	32	33	34	35	36	37	38	39	40	41	42	43	44	45	46	47	48	49	50
Jun {1.1.1}	ewg	MA2309.1																																											43	43	43	43	43	43	43	43
Jun {1.1.1}	Jra	MA2246.1												12	12	12	12	12	12	12	12	12	12	12	12	12	12	12	12	12	12	12	12	12	12	12	12	12	12	12	12	12	12	12	12	12	12	12	12	12	12	12
Fos {1.1.2}	kay	MA2248.1													13	13	13	13	13	13	13																															
XBP1 {1.1.5}	Xbp1	MA2293.1																																											43	43	43	43	43	43	43	43
ATF4 {1.1.6}	crc	MA2208.1																			19																															
CREB {1.1.7}	CrebB	MA2210.1																																														46	46	46	46	46
E2A {1.2.1}	da	MA2308.1											11																																							
Tal {1.2.3}	ato	MA2195.1												12	12	12	12	12		18	18	18	18	18	18	18			27	27	27	27	27	27	27	27	27	27	27	27	27	27	27	27	27	27	27	27	27	27	27	27
Tal {1.2.3}	Fer2	MA2234.1																16	16	16	16	16	16				25	25	25	25	25	25	25	25	25	25	25	25	25	25	25	25	25	25	25	25	25	25	25	25	25	25
Tal {1.2.3}	HLH4C	MA2241.1												12	12	12	12	12	12	12	12	12	12	12	12	12	12	12	12	12	12	12	12	12	12	12	12	12	12	12	12	12	12	12	12	12	12	12	12	12	12	12
Tal {1.2.3}	twi	MA0249.3									9																																									
Tal {1.2.3}	tx	MA2321.1										10																																								
Hairy {1.2.4}	dpn	MA2217.1	1	1	1	1	1	1	1	1		10	10																																							
Hairy {1.2.4}	E(spl)m3-HLH	MA2219.1																															31	31	31	31	31		37	37	37	37	37	37	37	37	37	37	37	37	37	37
Hairy {1.2.4}	E(spl)mbeta-HLH	MA2220.1																						22	22	22	22	22	22	22	22	22	22	22	22	22	22	22	22	22	22	22	22	22	22	22	22	22	22	22	22	22
Hairy {1.2.4}	E(spl)mdelta-HLH	MA2221.1																						22	22	22						30						36														
Hairy {1.2.4}	Hey	MA2240.1								8																																										
PAS {1.2.5}	cyc	MA2305.1												12	12	12	12	12	12	12	12	12	12	12	12	12	12	12	12	12	12	12	12	12	12	12	12	12	12	12	12	12	12	12	12	12	12	12	12	12	12	12
PAS {1.2.5}	ss	MA2284.1																																32	32	32	32	32	32	32	32	32	32	32	32	32	32	32	32	32	32	32
bHLH-ZIP {1.2.6}	crp	MA2303.1																																					37	37	37	37	37	37	37	37	37	37	37	37	37	37
bHLH-ZIP {1.2.6}	Usf	MA2290.1																													29	29	29	29	29	29	29	29	29	29	29	29	29	29	29	29	29	29	29	29	29	29
AP-2 {1.3.1}	TfAP-2	MA2287.1																					21	21	21	21	21	21	21	21	21	21	21	21	21	21	21	21	21	21	21	21	21	21	21	21	21	21	21	21	21	21
Steroid HR {2.1.1}	ERR	MA2226.1																																			35	35		38	38		41	41					47	47	47	47
Thyroid,RXR receptors {2.1.2},{2.1.3}	EcR::usp	MA0534.1																					21	21	21	21	21	21	21	21	21	21	21	21	21	21	21	21	21	21	21	21	21	21	21	21	21	21	21	21	21	21
RXR R {2.1.3}	Hr78	MA2245.1																16	16	16	16	16		22	22	22	22	22	22	22	22	22	22	22	22	22	22	22	22	22	22	22	22	22	22	22	22	22	22	22	22	22
RXR R {2.1.3}	tll	MA0459.1													13	13	13						21	21	21	21	21	21	21	21				32	32	32	32	32	32	32	32	32	32	32	32	32	32	32	32	32	32	32
RXR R {2.1.3}	usp	MA0016.2												12	12	12	12	12	12	12	12	12	12	12	12	12	12	12	12	12	12	12	12	12	12	12	12	12	12	12	12	12	12	12	12	12	12	12	12	12	12	12
NGFI (NR4A) {2.1.4}	Hr38	MA2243.1																																													45	45	45	45	45	45
FTZF1 (NR5A) {2.1.5}	ftz-f1	MA2311.1																													29	29	29			34	34	34	34	34	34	34	34	34	34	34	34	34	34	34	34	34
C4-GATA {2.2.1}	GATAd	MA1839.2									9																																									
C4-GATA {2.2.1}	srp	MA2283.1												12	12	12	12	12	12	12	12					24									33	33	33				39	39	39	39		44						
3-ZF Kruppel {2.3.1}	Bteb2	MA2201.1																				20	20	20	20	20	20	20	20	20	20	20	20	20	20	20	20	20	20	20	20	20	20	20	20	20	20	20	20	20	20	20
3-ZF Kruppel {2.3.1}	l(3)neo38	MA2316.2																										26	26	26	26	26	26	26	26	26	26	26	26	26	26	26	26	26	26	26	26	26	26	26	26	26
Other with up to 3 adj ZFs {2.3.2}	br	MA0013.1																	17				21		23	23	23	23	23	23			31	31	31	31	31	31	31	31	31	31	31	31	31	31	31	31	31	31	31	31
Other with up to 3 adj ZFs {2.3.2}	br	MA0010.2																				20									29	29	29					36	36	36	36	36	36	36	36	36	36	36	36	36	36	36
Other with up to 3 adj ZFs {2.3.2}	br	MA0011.2							7				11																																							
More than 3 adj ZFs {2.3.3}	BtbVII	MA2297.1										10	10																																							
More than 3 adj ZFs {2.3.3}	CG7928	MA2205.1																				20	20	20	20	20	20	20	20	20	20	20	20	20	20	20	20	20	20	20	20	20	20	20	20	20	20	20	20	20	20	20
More than 3 adj ZFs {2.3.3}	crol	MA2632.1												12		14	14	14		18	18																															
More than 3 adj ZFs {2.3.3}	esg	MA2227.1									9																																									
More than 3 adj ZFs {2.3.3}	Kr	MA0452.3																	17	17	17	17									29	29	29	29	29	29	29	29	29	29	29	29	29	29	29	29	29	29	29	29	29	29
More than 3 adj ZFs {2.3.3}	lmd	MA2252.1																					21	21	21	21	21	21	21	21	21	21	21	21	21	21	21	21	21	21	21	21	21	21	21	21	21	21	21	21	21	21
More than 3 adj ZFs {2.3.3}	M1BP	MA1459.2												12	12	12	12	12	12	12	12	12	12	12	12	12	12	12	12	12	12	12	12	12	12	12	12	12	12	12	12	12	12	12	12	12	12	12	12	12	12	12
More than 3 adj ZFs {2.3.3}	ovo	MA0126.2																																										42	42	42	42	42		48	48	
More than 3 adj ZFs {2.3.3}	scrt	MA2270.1												12	12	12	12	12	12	12	12	12	12	12	12	12	12	12	12	12	12	12	12	12	12	12	12	12	12	12	12	12	12	12	12	12	12	12	12	12	12	12
More than 3 adj ZFs {2.3.3}	sens	MA2271.1																				20		22	22	22	22	22	22	22	22	22	22	22	22	22	22	22	22	22	22	22	22	22	22	22	22	22	22	22	22	22
Multiple dispersed ZFs {2.3.4}	fru	MA2310.1									9						15																																			
Multiple dispersed ZFs {2.3.4}	Sry-delta	MA2633.1																																													45	45	45	45	45	45
Multiple dispersed ZFs {2.3.4}	su(Hw)	MA0533.1												12	12	12	12	12	12	12	12	12	12	12	12	12	12	12	12	12	12	12	12	12	12	12	12	12	12	12	12	12	12	12	12	12	12	12	12	12	12	12
DMRT {2.5.1}	dsx	MA1836.2									9																																									
HD {3.1}	tin	MA0247.3																																				36	36	36	36	36	36	36	36	36	36	36	36	36	36	36
HOX {3.1.1}	abd-A	MA0206.1					5																																													
HOX {3.1.1}	Antp	MA0166.1							7																																											
HOX {3.1.1}	Dfd	MA0186.1				4																																														
HOX {3.1.1}	exex	MA0224.1						6				10	10																																							
HOX {3.1.1}	ind	MA0228.1				4					9		11																																							
HOX {3.1.1}	pb	MA0238.1							7																																											
HOX {3.1.1}	ro	MA0241.1						6		8	8																																									
HOX {3.1.1}	Scr	MA0203.1										10																																								
NK {3.1.2}	bsh	MA0214.1								8																																										
NK {3.1.2}	C15	MA0170.1											11																																							
NK {3.1.2}	en	MA0220.1							7				11																																							
NK {3.1.2}	HGTX	MA0191.1										10																																								
NK {3.1.2}	Hmx	MA0192.1										10																																								
NK {3.1.2}	lbl	MA0232.1			3																																															
Paired HD {3.1.3}	al	MA0208.1					5	5																																												
Paired HD {3.1.3}	CG11294	MA0172.1							7			10																																								
Paired HD {3.1.3}	CG9876	MA0184.2				4																																														
Paired HD {3.1.3}	Gsc	MA0190.1								8																																										
Paired HD {3.1.3}	PHDP	MA0457.2						6																																												
Paired HD {3.1.3}	repo	MA0240.1			3								11																																							
Paired HD {3.1.3}	Rx	MA0202.1		2																																																
Paired HD {3.1.3}	Vsx2	MA0180.1																																																48	48	48
TALE-type HD {3.1.4}	achi	MA0207.1										10																																								
TALE-type HD {3.1.4}	ara	MA0210.1											11																																							
TALE-type HD {3.1.4}	exd	MA0222.2									9																																									
TALE-type HD {3.1.4}	hth	MA0227.1					5			8		10																																								
HD-LIM {3.1.5}	CG32105	MA0178.1						6																																												
HD-LIM {3.1.5}	tup	MA0248.1					5						11																																							
HD-CUT {3.1.9}	onecut	MA0235.1								8																																										
POU {3.1.10}	pdm2	MA2467.1																									25	25	25	25								36	36	36	36	36	36	36	36	36	36	36	36	36	36	36
Paired box {3.2}	prd	MA0239.2																																															47			50
FOX {3.3.1}	bin	MA2197.1							7	7																																										
FOX {3.3.1}	Crg-1	MA2302.1																																32	32	32	32		37	37	37	37	37	37	37	37	37	37	37	37	37	37
FOX {3.3.1}	fkh	MA0446.1																					21	21	21	21	21	21	21	21	21	21	21	21	21	21	21	21	21	21	21	21	21	21	21	21	21	21	21	21	21	21
FOX {3.3.1}	foxo	MA2236.1													13	13	13	13	13	13	13	13	13	13	13	13	13	13	13	13	13	13	13	13	13	13	13	13	13	13	13	13	13	13	13	13	13	13	13	13	13	13
FOX {3.3.1}	FoxP	MA2237.1																												28	28	28	28	28	28	28	28	28	28	28	28	28	28	28	28	28	28	28	28	28	28	28
HSF {3.4.1}	Hsf	MA1458.2																																																	49	49
Myb/SANT {3.5.1}	Myb	MA2468.1												12	12	12	12	12	12	12	12	12	12	12	12	12	12	12	12	12	12	12	12	12	12	12	12	12	12	12	12	12	12	12	12	12	12	12	12	12	12	12
Ets {3.5.2}	Ets65A	MA2228.1																																											43	43	43	43	43	43	43	43
SOX {4.1.1}	Sox100B	MA2320.1																																																		50
SOX {4.1.1}	Sox21b	MA2277.1												12								20	20	20	20	20	20	20	20	20	20	20	20	20	20	20	20	20	20	20	20	20	20	20	20	20	20	20	20	20	20	20
Grainyhead {6.7.1}	grh	MA1457.2																																								40	40	40	40	40	40	40	40	40	40	40
GCM {7.2.1}	gcm2	MA0917.1																	17	17	17																					40	40	40	40	40	40	40	40	40	40	40
TBP {8.1.1}	TBP	TBP.H14CORE.0.P.B																				20					25	25	25	25	25	25	25	25	25	25	25	25	25	25	25	25	25	25	25	25	25	25	25	25	25	25
Unknown {0.0}	hry	MA0449.1																16	16	16	16	16	16				25	25	25	25	25	25	25	25	25	25	25	25	25	25	25	25	25	25	25	25	25	25	25	25	25	25
Unknown {0.0}	z	MA0255.2									9																																									
