../up_peb4.tab vs. ../no_peb4.tab
			1	2	3	4	5	6	7	8	9	10	11	12	13	14	15	16	17	18	19	20	21	22	23	24	25	26	27	28	29	30	31	32	33	34	35	36	37	38	39	40	41	42	43	44
Jun {1.1.1}	Atf-2	MA2192.1									9	9	9	9	9	9	9	9	9	9	9	9	9	9	9	9	9	9	9	9	9	9	9	9	9	9	9	9	9	9	9	9	9	9	9	9
CREB {1.1.7}	CrebA	MA2209.1																									25	25	25	25	25	25	25	25	25	25	25	25	25	25	25	25	25	25	25	25
CREB {1.1.7}	CrebB	MA2210.1																					21	21	21	21	21	21	21	21	21	21	21	21	21	21	21	21	21	21	21	21	21	21	21	21
E2A {1.2.1}	da	MA2308.1							7																																					
MyoD-ASC {1.2.2}	nau	MA2317.1				4																																								
Tal {1.2.3}	amos	MA2191.1																											27								35	35	35	35	35	35	35	35	35	35
Tal {1.2.3}	Fer2	MA2234.1																									25	25	25																	
Tal {1.2.3}	twi	MA0249.3								8																																				
Hairy {1.2.4}	cwo	MA2304.1																									25	25	25		29	29	29	29	29	29	29	29	29	29	29	29	29	29	29	29
Hairy {1.2.4}	E(spl)m8-HLH	MA2464.1																16	16	16	16																									
Hairy {1.2.4}	E(spl)mbeta-HLH	MA2220.1																16	16	16	16			22	22	22	22	22	22	22	22	22	22	22	22	22	22	22	22	22	22	22	22	22	22	22
PAS {1.2.5}	ss	MA2284.1																						22	22	22				28				32	32	32	32			38	38	38	38	38	38	38
bHLH-ZIP {1.2.6}	crp	MA2303.1														14	14					20	20	20	20	20	20	20	20	20	20	20	20	20	20	20	20	20	20	20	20	20	20	20	20	20
bHLH-ZIP {1.2.6}	dm	MA2215.1																																	33				37		39				43	43
bHLH-ZIP {1.2.6}	Max	MA2255.1																																32		34	34	34		38		40	40	40		
bHLH-ZIP {1.2.6}	Mnt	MA2258.1																								24																				44
bHLH-ZIP {1.2.6}	SREBP	MA2281.1																16	16	16	16	16	16	16	16	16	16	16	16	16	16	16	16	16	16	16	16	16	16	16	16	16	16	16	16	16
bHLH-ZIP {1.2.6}	Usf	MA2290.1																													29	29	29	29	29	29	29	29	29	29	29	29	29	29	29	29
Steroid HR {2.1.1}	ERR	MA2226.1																																										42	42	42
Thyroid HR {2.1.2}	Eip75B	MA2224.1									9	9	9	9	9	9	9	9	9	9	9	9	9	9	9	9	9	9	9	9	9	9	9	9	9	9	9	9	9	9	9	9	9	9	9	9
Thyroid HR {2.1.2}	knrl	MA2251.1																16	16	16	16	16	16	16	16	16	16	16	16	16	16	16	16	16	16	16	16	16	16	16	16	16	16	16	16	16
RXR R {2.1.3}	dsf	MA2218.1																																									41	41	41	41
RXR R {2.1.3}	Hr78	MA2245.1									9	9	9	9	9	9	9	9	9	9	9	9	9	9	9	9	9	9	9	9	9	9	9	9	9	9	9	9	9	9	9	9	9	9	9	9
RXR R {2.1.3}	usp	MA0016.2																						22	22	22	22	22	22	22	22	22	22	22	22	22	22	22	22	22	22	22	22	22	22	22
FTZF1 (NR5A) {2.1.5}	ftz-f1	MA2311.1																					21	21	21	21	21	21	21	21	21	21	21	21	21	21	21	21	21	21	21	21	21	21	21	21
GCNF (NR6) {2.1.6}	Hr39	MA2244.1																																				36	36	36	36	36	36	36	36	36
C4-GATA {2.2.1}	GATAd	MA1839.2								8																																				
C4-GATA {2.2.1}	pnr	MA0536.2																																								40	40	40	40	40
C4-GATA {2.2.1}	srp	MA2283.1									9	9	9	9	9	9	9	9	9	9	9	9					25	25	25	25																
Other with up to 3 adj ZFs {2.3.2}	bab1	MA2631.1								8																																				
Other with up to 3 adj ZFs {2.3.2}	br	MA0010.2																						22	22	22	22	22	22	22	22	22	22	22	22	22	22	22	22	22	22	22	22	22	22	22
Other with up to 3 adj ZFs {2.3.2}	ttk	MA0460.1										10	10	10	10	10	10	10	10	10	10	10	10	10	10	10	10	10	10	10	10	10	10	10	10	10	10	10	10	10	10	10	10	10	10	10
More than 3 adj ZFs {2.3.3}	Blimp-1	MA2198.1									9	9	9	9	9	9	9			18	18																									
More than 3 adj ZFs {2.3.3}	bowl	MA2199.1																												28					33	33	33	33	33	33	33	33	33	33	33	33
More than 3 adj ZFs {2.3.3}	BtbVII	MA2297.1				4																																								
More than 3 adj ZFs {2.3.3}	cg	MA2107.1																																											43	43
More than 3 adj ZFs {2.3.3}	crol	MA2632.1																										26	26			30	30					36	36	36	36	36	36	36	36	36
More than 3 adj ZFs {2.3.3}	D19B	MA2307.1																												28	28	28	28	28	28	28	28	28	28	28	28	28	28	28	28	28
More than 3 adj ZFs {2.3.3}	opa	MA0456.1																16	16	16	16	16	16	16	16	16	16	16	16	16	16	16	16	16	16	16	16	16	16	16	16	16	16	16	16	16
More than 3 adj ZFs {2.3.3}	phol	MA2261.1																												28	28	28	28	28	28	28	28	28	28	28	28	28	28	28	28	28
More than 3 adj ZFs {2.3.3}	sqz	MA2108.1						6																																						
DMRT {2.5.1}	dmrt99B	MA1455.2																					21	21	21	21				28	28	28	28	28	28	28	28	28	28	28	28	28	28	28	28	28
DMRT {2.5.1}	dsx	MA1836.2								8																																				
HD {3.1}	Dbx	MA0174.1							7																																					
HOX {3.1.1}	Abd-B	MA0165.1					5																																							
HOX {3.1.1}	Antp	MA0166.1	1					6	6																																					
HOX {3.1.1}	Dfd	MA0186.1			3																																									
HOX {3.1.1}	Scr	MA0203.1					5																																							
NK {3.1.2}	E5	MA0189.2						6																																						
NK {3.1.2}	ems	MA0219.1		2		4																																								
NK {3.1.2}	H2.0	MA0448.1				4																																								
NK {3.1.2}	HHEX	MA0183.1							7																																					
NK {3.1.2}	Hmx	MA0192.1							7																																					
NK {3.1.2}	NK7.1	MA0196.1			3																																									
NK {3.1.2}	vnd	MA0253.1																				20																								
Paired HD {3.1.3}	Gsc	MA0190.1						6																																						
Paired HD {3.1.3}	hbn	MA0226.1							7																																					
Paired HD {3.1.3}	Vsx1	MA0181.1					5																																							
TALE-type HD {3.1.4}	achi	MA0207.1							7	7																																				
TALE-type HD {3.1.4}	ara	MA0210.1					5			8																																				
TALE-type HD {3.1.4}	exd	MA0222.2								8																																				
TALE-type HD {3.1.4}	hth	MA0227.1						6																																						
HD-LIM {3.1.5}	Awh	MA0167.1		2																																										
HD-LIM {3.1.5}	CG32105	MA0178.1			3																																									
HD-LIM {3.1.5}	tup	MA0248.1					5																																							
POU {3.1.10}	pdm2	MA2467.1									9	9	9	9	9	9	9	9	9	9	9	9	9	9	9	9	9	9	9	9	9	9	9	9	9	9	9	9	9	9	9	9	9	9	9	9
POU {3.1.10}	pdm3	MA2260.1																																							39	39	39	39	39	39
PD {3.2.2}	Poxm	MA2263.1									9	9	9	9	9	9	9	9	9	9	9	9	9	9	9	9	9	9	9	9	9	9	9	9	9	9	9	9	9	9	9	9	9	9	9	9
FOX {3.3.1}	CHES-1-like	MA2206.1																												28			31	31	31	31	31	31	31	31	31	31	31	31	31	31
FOX {3.3.1}	Crg-1	MA2302.1																																32	32	32	32	32	32	32	32	32	32	32	32	32
SOX {4.1.1}	Sox100B	MA2320.1																																					37	37	37	37	37	37	37	37
SOX {4.1.1}	Sox15	MA2275.1													13		15																													
RHR {6.1}	dl	MA0023.1																				20	20	20	20	20	20	20	20	20	20	20	20	20	20	20	20	20	20	20	20	20	20	20	20	20
Brachyury {6.5.1}	byn	MA2202.1									9	9	9	9	9	9	9	9	9	9	9	9	9	9	9	9	9	9	9	9	9	9	9	9	9	9	9	9	9	9	9	9	9	9	9	9
TBX1 {6.5.3}	mid	MA2256.1																			19			22	22	22												36	36	36	36	36	36	36	36	36
TBX1 {6.5.3}	org-1	MA2259.1																													29	29	29	29	29	29	29									
TBX6 {6.5.5}	Doc2	MA2216.1												12	12	12	12		17	17	17	17	17				25	25	25																	
Grainyhead {6.7.1}	grh	MA1457.2														14	14	14	14	14	14	14	14								29	29	29	29	29	29	29	29	29	29	29	29	29	29	29	29
GCM {7.2.1}	gcm2	MA0917.1																16	16	16	16	16	16				25	25	25		29	29	29			34	34	34	34	34	34	34	34	34	34	34
TBP {8.1.1}	TBP	TBP.H14CORE.0.P.B																				20																								
HMGA {8.2.1}	D1	MA2306.1						6																																						
Unknown {0.0}	brk	MA0213.1									9	9	9	9	9	9	9	9	9	9	9	9	9	9	9	9	9	9	9	9	9	9	9	9	9	9	9	9	9	9	9	9	9	9	9	9
Unknown {0.0}	Elba2	MA1838.2								8																																				
Unknown {0.0}	hry	MA0449.1											11	11	11	11	11					20	20	20	20	20	20	20	20	20	20	20	20	20	20	20	20	20	20	20	20	20	20	20	20	20
Unknown {0.0}	Xrp1	MA2294.1																					21		23	23				28	28	28	28	28	28	28	28	28	28	28	28	28	28	28	28	28
