../do_peb4.tab vs. ../no_peb4.tab
			1	2	3	4	5	6	7	8	9	10	11	12	13	14	15	16	17	18	19	20	21	22	23	24	25	26	27	28	29	30	31	32	33	34	35	36	37	38
Jun {1.1.1}	Atf-2	MA2192.1												12	12	12	12	12	12	12	12	12	12	12	12	12	12													
Maf {1.1.3}	tj	MA2288.1																									25	25	25	25	25	25	25	25	25	25	25	25	25	25
C/EBP {1.1.8}	Pdp1	MA1702.2																				20																		
C/EBP {1.1.8}	vri	MA2291.1											11	11	11	11	11	11	11	11	11	11	11	11	11	11	11	11	11	11	11	11	11	11	11	11	11	11	11	11
Tal {1.2.3}	amos	MA2191.1																															31	31	31	31	31	31	31	31
Tal {1.2.3}	ato	MA2195.1																												28			31	31	31	31	31	31	31	31
Hairy {1.2.4}	dpn	MA2217.1	1																																					
Hairy {1.2.4}	E(spl)mbeta-HLH	MA2220.1																												28			31	31	31	31	31	31	31	31
PAS {1.2.5}	clk	MA2301.1																																32	32	32	32	32	32	32
bHLH-ZIP {1.2.6}	crp	MA2303.1											11	11	11	11	11	11	11	11	11	11	11	11	11	11	11	11	11	11	11	11	11	11	11	11	11	11	11	11
bHLH-ZIP {1.2.6}	dm	MA2215.1																						22	22	22	22													
bHLH-ZIP {1.2.6}	Max	MA2255.1																					21																	
bHLH-ZIP {1.2.6}	Mitf	MA2257.1																																						38
bHLH-ZIP {1.2.6}	Mnt	MA2258.1																		18	18	18														34	34	34	34	34
bHLH-ZIP {1.2.6}	SREBP	MA2281.1											11	11	11	11	11	11	11	11	11	11	11	11	11	11	11	11	11	11	11	11	11	11	11	11	11	11	11	11
Steroid HR {2.1.1}	ERR	MA2226.1																										26	26	26	26	26	26	26	26	26	26	26	26	26
Thyroid HR {2.1.2}	Eip75B	MA2224.1																										26			29	29								
NGFI (NR4A) {2.1.4}	Hr38	MA2243.1																										26			29	29	29	29	29	29	29	29	29	29
FTZF1 (NR5A) {2.1.5}	ftz-f1	MA2311.1																16	16	16	16	16																		
GCNF (NR6) {2.1.6}	Hr39	MA2244.1																								24	24													
C4-GATA {2.2.1}	srp	MA2283.1								8	8	8											21		23															
3-ZF Kruppel {2.3.1}	Sp1	MA2279.1																																			35	35	35	35
Other with up to 3 adj ZFs {2.3.2}	br	MA0010.2																					21	21	21	21	21		27	27			31	31	31	31	31	31	31	31
Other with up to 3 adj ZFs {2.3.2}	br	MA0012.2		2	2	2	2	2	2	2	2	2																												
Other with up to 3 adj ZFs {2.3.2}	btd	MA0443.2																											27	27		30	30	30	30	30	30	30	30	30
Other with up to 3 adj ZFs {2.3.2}	ken	MA2249.1																										26	26	26	26	26	26	26	26	26	26	26	26	26
Other with up to 3 adj ZFs {2.3.2}	rib	MA2267.1																											27		29	29	29	29	29	29	29	29	29	29
Other with up to 3 adj ZFs {2.3.2}	ttk	MA0460.1											11	11	11	11	11	11	11	11	11	11	11	11	11	11	11	11	11	11	11	11	11	11	11	11	11	11	11	11
More than 3 adj ZFs {2.3.3}	Aef1	MA2190.1						6	6		9	9																												
More than 3 adj ZFs {2.3.3}	CG4360	MA2204.1											11	11	11	11	11	11	11	11	11	11	11	11	11	11	11	11	11	11	11	11	11	11	11	11	11	11	11	11
More than 3 adj ZFs {2.3.3}	CG4854	MA2299.1																																					37	37
More than 3 adj ZFs {2.3.3}	CG8319	MA2300.1											11	11	11	11	11	11	11	11	11	11	11	11	11	11	11	11			29	29								
More than 3 adj ZFs {2.3.3}	Kr	MA0452.3														14	14											26	26	26	26	26	26	26	26	26	26	26	26	26
More than 3 adj ZFs {2.3.3}	pho	MA1460.2			3	3	3	3	3	3	3	3																												
More than 3 adj ZFs {2.3.3}	pita	MA2318.1																								24	24	24	24	24	24	24	24	24	24	24	24	24	24	24
More than 3 adj ZFs {2.3.3}	ZIPIC	MA2322.1																										26	26	26	26	26	26	26	26	26	26	26	26	26
Multiple dispersed ZFs {2.3.4}	Cf2	MA0015.2																			19	19																		
Multiple dispersed ZFs {2.3.4}	fru	MA2310.1								8	8	8																												
Multiple dispersed ZFs {2.3.4}	hb	MA0049.1																										26	26	26	26	26	26	26	26	26	26	26	26	26
DMRT {2.5.1}	dmrt99B	MA1455.2																					21	21	21	21	21	21	21	21	21	21	21	21	21	21	21	21	21	21
DMRT {2.5.1}	dsx	MA1836.2										10																												
HOX {3.1.1}	eve	MA0221.1							7																															
Paired HD {3.1.3}	Ptx1	MA0201.1				4	4	4	4	4	4	4																												
Paired HD {3.1.3}	Vsx2	MA0180.1																	17	17	17	17	17	17	17	17	17													
TALE-type HD {3.1.4}	exd	MA0222.2								8																														
POU {3.1.10}	nub	MA0197.3															15	15	15	15	15	15	15	15	15	15	15	15	15	15	15	15	15	15	15	15	15	15	15	15
POU {3.1.10}	pdm2	MA2467.1																																				36	36	36
POU {3.1.10}	pdm3	MA2260.1																																	33	33	33	33	33	33
FOX {3.3.1}	CHES-1-like	MA2206.1											11	11	11	11	11	11	11	11	11	11	11	11	11	11	11	11	11	11	11	11	11	11	11	11	11	11	11	11
FOX {3.3.1}	croc	MA2211.1																						22	22	22	22		27	27	27	27	27	27	27	27	27	27	27	27
FOX {3.3.1}	FoxL1	MA2235.1					5	5	5																															
FOX {3.3.1}	foxo	MA2236.1																16	16	16	16	16	16	16	16	16	16													
FOX {3.3.1}	slp1	MA0458.2											11	11	11	11	11	11	11	11	11	11	11	11	11	11	11	11	11	11	11	11	11	11	11	11	11	11	11	11
FOX {3.3.1}	slp2	MA2272.1								8	8	8																												
Ets {3.5.2}	Ets96B	MA2229.1											11	11	11	11	11	11	11	11	11	11	11	11	11	11	11													
Ets {3.5.2}	Ets97D	MA2230.1																										26	26	26	26	26	26	26	26	26	26	26	26	26
TEF1 {3.6.1}	sd	MA0243.2																										26			29	29								
SOX {4.1.1}	Sox14	MA2274.1																										26	26	26	26	26	26	26	26	26	26	26	26	26
STAT {6.2.1}	Stat92E	MA0532.2													13	13	13	13	13	13	13	13	13	13	13	13	13	13	13	13	13	13	13	13	13	13	13	13	13	13
Runt {6.4.1}	Bgb::run	MA0242.1																																	33	33				
Runt {6.4.1}	lz	MA2254.1																						22	22	22	22		27	27	27	27	27	27			35	35	35	35
Brachyury {6.5.1}	byn	MA2202.1																					21	21	21	21	21	21	21	21	21	21	21	21	21	21	21	21	21	21
TBP {8.1.1}	TBP	TBP.H14CORE.0.P.B											11	11	11	11	11	11	11	11	11	11	11	11	11	11	11	11	11	11	11	11	11	11	11	11	11	11	11	11
Unknown {0.0}	brk	MA0213.1		2	2	2	2	2	2	2	2	2	2	2	2	2	2	2	2	2	2	2	2	2	2	2	2	2	2	2	2	2	2	2	2	2	2	2	2	2
Unknown {0.0}	Elba1	MA1837.2										10																												
Unknown {0.0}	Elba2	MA1838.2									9																													
