../do_peb1.tab vs. ../no_peb1.tab
			1	2	3	4	5	6	7	8	9	10	11	12	13	14	15	16	17	18	19	20	21	22	23	24	25	26	27	28	29	30	31	32	33	34	35	36	37	38	39	40	41	42	43	44	45	46	47	48	49	50
Jun {1.1.1}	ewg	MA2309.1																													29	29	29	29	29	29	29	29	29	29	29	29	29	29	29	29	29	29	29	29	29	29
CREB {1.1.7}	CrebA	MA2209.1																									25	25	25	25	25	25	25	25	25	25	25	25	25	25	25	25	25	25	25	25	25	25	25	25	25	25
C/EBP {1.1.8}	Pdp1	MA1702.2																																																48	48	48
C/EBP {1.1.8}	vri	MA2291.1										10			13	13	13	13	13	13	13	13	13	13	13	13	13	13	13	13	13	13	13	13	13	13	13	13	13	13	13	13	13	13	13	13	13	13	13	13	13	13
MyoD-ASC {1.2.2}	ac	MA2295.1							7	7	7		11	11																																						
MyoD-ASC {1.2.2}	sc	MA2269.1																					21	21	21	21	21	21	21	21	21	21	21	21	21	21	21	21	21	21	21	21	21	21	21	21	21	21	21	21	21	21
Tal {1.2.3}	Fer1	MA2233.1																									25	25	25	25	25	25	25	25	25	25	25	25	25	25	25	25	25	25	25	25	25	25	25	25	25	25
Hairy {1.2.4}	dpn	MA2217.1								8	8																																									
Hairy {1.2.4}	E(spl)m3-HLH	MA2219.1																									25	25	25	25	25	25	25	25	25	25	25	25	25	25	25	25	25	25	25	25	25	25	25	25	25	25
Hairy {1.2.4}	Hey	MA2240.1																																																	49	
bHLH-ZIP {1.2.6}	Mitf	MA2257.1																																									41	41	41	41	41	41	41	41	41	41
bHLH-ZIP {1.2.6}	Mnt	MA2258.1																																													45	45	45	45	45	45
bHLH-ZIP {1.2.6}	Usf	MA2290.1										10			13	13	13	13	13	13	13	13	13	13	13	13	13	13	13	13	13	13	13	13	13	13	13	13	13	13	13	13	13	13	13	13	13	13	13	13	13	13
Steroid HR {2.1.1}	ERR	MA2226.1																						22	22	22														38	38	38	38	38	38	38	38	38	38	38	38	38
Thyroid HR {2.1.2}	EcR	MA2223.1																																								40	40	40	40	40	40	40	40	40	40	40
Thyroid HR {2.1.2}	Eip75B	MA2224.1																				20	20	20	20	20		26	26	26	26	26	26	26	26	26	26	26	26	26	26	26	26	26	26	26	26	26	26	26	26	26
Thyroid HR {2.1.2}	hr3	MA2314.1																																															47	47	47	47
Thyroid HR {2.1.2}	kni	MA0451.2																	17	17	17	17					25	25	25	25	25	25	25	25	25	25	25	25	25	25	25	25	25	25	25	25	25	25	25	25	25	25
RXR R {2.1.3}	dsf	MA2218.1																																											43	43	43	43	43	43	43	43
RXR R {2.1.3}	Hr78	MA2245.1																					21	21	21	21						30	30	30	30	30	30	30	30	30	30	30	30	30	30	30	30	30	30	30	30	30
RXR R {2.1.3}	tll	MA0459.1										10			13	13	13	13	13	13	13	13	13	13	13	13	13	13	13	13	13	13	13	13	13	13	13	13	13	13	13	13	13	13	13	13	13	13	13	13	13	13
FTZF1 (NR5A) {2.1.5}	ftz-f1	MA2311.1																																					37		39	39	39	39	39	39	39	39	39	39	39	39
GCNF (NR6) {2.1.6}	Hr39	MA2244.1															15	15					21				25	25	25	25	25	25	25	25	25	25	25	25														
C4-GATA {2.2.1}	GATAd	MA1839.2											11																																							
C4-GATA {2.2.1}	GATAe	MA2238.1							7	7	7		11	11																																						
C4-GATA {2.2.1}	grn	MA2312.1												12																																						
C4-GATA {2.2.1}	pnr	MA0536.2																																																		50
3-ZF Kruppel {2.3.1}	Bteb2	MA2201.1										10			13	13	13	13	13	13	13	13	13	13	13	13	13	13	13	13	13	13	13	13	13	13	13	13	13	13	13	13	13	13	13	13	13	13	13	13	13	13
3-ZF Kruppel {2.3.1}	dar1	MA2212.1																16	16	16	16	16	16	16	16	16	16	16	16	16	16	16	16	16	16	16	16	16	16	16	16	16	16	16	16	16	16	16	16	16	16	16
Other with up to 3 adj ZFs {2.3.2}	br	MA0013.1										10			13	13	13	13	13	13	13	13	13	13	13	13	13	13	13	13	13	13	13	13	13	13	13	13	13	13	13	13	13	13	13	13	13	13	13	13	13	13
Other with up to 3 adj ZFs {2.3.2}	br	MA0011.2						6																																												
Other with up to 3 adj ZFs {2.3.2}	ttk	MA0460.1																																32	32	32	32	32	32	32	32	32	32	32	32	32	32	32	32	32	32	32
More than 3 adj ZFs {2.3.3}	BtbVII	MA2297.1						6																																												
More than 3 adj ZFs {2.3.3}	CG12605	MA2203.1																									25	25	25	25	25	25	25		33																	
More than 3 adj ZFs {2.3.3}	CG4854	MA2299.1																																												44	44	44	44	44	44	44
More than 3 adj ZFs {2.3.3}	CG7928	MA2205.1																									25	25	25	25	25	25	25	25	25	25	25	25	25	25	25	25	25	25	25	25	25	25	25	25	25	25
More than 3 adj ZFs {2.3.3}	crol	MA2632.1																							23	23													37	37	37	37	37	37	37	37	37	37	37	37	37	37
More than 3 adj ZFs {2.3.3}	hng1	MA2313.1													13	13	13	13	13	13	13	13	13	13	13	13	13	13	13	13	13	13	13	13	13	13	13	13	13	13	13	13	13	13	13	13	13	13	13	13	13	13
More than 3 adj ZFs {2.3.3}	Kr	MA0452.3																		18	18	18	18	18	18	18	18	18	18	18	18	18	18	18	18	18	18	18	18	18	18	18	18	18	18	18	18	18	18	18	18	18
More than 3 adj ZFs {2.3.3}	lmd	MA2252.1																	17	17	17	17	17	17	17	17	17	17	17	17	17	17	17	17	17	17	17	17	17	17	17	17	17	17	17	17	17	17	17	17	17	17
More than 3 adj ZFs {2.3.3}	sens	MA2271.1										10			13	13	13	13	13	13	13	13	13	13	13	13	13	13	13	13	13	13	13	13	13	13	13	13	13	13	13	13	13	13	13	13	13	13	13	13	13	13
More than 3 adj ZFs {2.3.3}	sna	MA0086.3																																32		34	34	34	34	34	34	34	34	34	34	34	34	34	34	34	34	34
Multiple dispersed ZFs {2.3.4}	fru	MA2310.1							7	7	7		11	11																																						
Multiple dispersed ZFs {2.3.4}	Sry-delta	MA2633.1																			19	19								28	28	28	28	28	28	28	28	28	28	28	28	28	28	28	28	28	28	28	28	28	28	28
DMRT {2.5.1}	dmrt99B	MA1455.2																																32	32	32	32	32	32	32	32	32	32	32	32	32	32	32	32	32	32	32
DMRT {2.5.1}	dsx	MA1836.2							7	7	7		11	11																																						
HOX {3.1.1}	abd-A	MA0206.1					5						11																																							
HOX {3.1.1}	Antp	MA0166.1	1																																																	
HOX {3.1.1}	Dfd	MA0186.1			3			6																																												
HOX {3.1.1}	eve	MA0221.1								8			11	11																																						
HOX {3.1.1}	Scr	MA0203.1				4																																														
HOX {3.1.1}	zen	MA0256.1							7		9																																									
NK {3.1.2}	ems	MA0219.1		2			5							12																																						
NK {3.1.2}	en	MA0220.1				4																																														
NK {3.1.2}	HHEX	MA0183.1						6																																												
NK {3.1.2}	lms	MA0175.1												12																																						
NK {3.1.2}	vnd	MA0253.1																								24										34	34	34	34	34	34	34	34	34	34	34	34	34	34	34	34	34
Paired HD {3.1.3}	repo	MA0240.1											11																																							
TALE-type HD {3.1.4}	exd	MA0222.2												12																																						
HD-LIM {3.1.5}	Awh	MA0167.1		2	2																																															
HD-LIM {3.1.5}	CG32105	MA0178.1				4		6																																												
HD-LIM {3.1.5}	Lim3	MA0195.2					5																																													
HD-LIM {3.1.5}	tup	MA0248.1			3	3																																														
HD-CUT {3.1.9}	ct	MA0218.1												12																																						
HD-CUT {3.1.9}	dve	MA0915.2					5																																													
POU {3.1.10}	nub	MA0197.3										10			13	13	13	13	13	13	13	13	13	13	13	13	13	13	13	13	13	13	13	13	13	13	13	13	13	13	13	13	13	13	13	13	13	13	13	13	13	13
FOX {3.3.1}	CHES-1-like	MA2206.1																											27	27	27	27	27	27	27	27	27	27	27	27	27	27	27	27	27	27	27	27	27	27	27	27
FOX {3.3.1}	Crg-1	MA2302.1																									25	25	25	25	25	25	25	25	25	25	25	25	25	25	25	25	25	25	25	25	25	25	25	25	25	25
FOX {3.3.1}	foxo	MA2236.1										10			13	13	13	13	13	13	13	13	13	13	13	13									33			36	36	36	36	36	36	36	36	36	36	36	36	36	36	36
FOX {3.3.1}	FoxP	MA2237.1																																32		34	34	34	34	34	34	34	34	34	34	34	34	34	34	34	34	34
FOX {3.3.1}	slp1	MA0458.2																																		34	34	34	34	34	34	34	34	34	34	34	34	34	34	34	34	34
HSF {3.4.1}	Hsf	MA1458.2																						22	22	22	22	22	22	22	22	22	22		33		35	35		38	38	38	38	38	38	38	38	38	38	38	38	38
Myb/SANT {3.5.1}	Myb	MA2468.1										10			13	13	13	13	13	13	13	13																														
Ets {3.5.2}	aop	MA2296.1																																																		50
Ets {3.5.2}	Eip74EF	MA0026.1																																														46	46	46	46	
ARID {3.7.1}	retn	MA2265.1					5																																													
SOX {4.1.1}	Sox100B	MA2320.1																																										42	42	42	42	42	42	42	42	42
SOX {4.1.1}	Sox15	MA2275.1							7	7	7		11	11																																						
DEAF {5.3.2}	Deaf1	MA0185.2						6																																												
RHR {6.1}	dl	MA0023.1													13	13	13	13	13	13	13	13	13	13	13	13	13	13	13	13	13	13	13	13	13	13	13	13	13	13	13	13	13	13	13	13	13	13	13	13	13	13
Runt {6.4.1}	Bgb::run	MA0242.1																					21	21	21	21	21	21	21	21	21	21	21	21	21	21	21	21	21	21	21	21	21	21	21	21	21	21	21	21	21	21
GCM {7.2.1}	gcm	MA1840.2																															31																			50
TBP {8.1.1}	TBP	TBP.H14CORE.0.P.B										10			13	13	13	13	13	13	13	13	13	13	13	13	13	13	13	13	13	13	13	13	13	13	13	13	13	13	13	13	13	13	13	13	13	13	13	13	13	13
Unknown {0.0}	Elba1	MA1837.2									9																																									
Unknown {0.0}	Elba2	MA1838.2											11																																							
Unknown {0.0}	hry	MA0449.1														14	14	14	14	14	14	14	14	14	14	14													37	37	37	37	37	37	37	37	37	37	37	37	37	37
Unknown {0.0}	Xrp1	MA2294.1													13	13	13	13	13	13	13	13	13	13	13	13	13	13	13	13	13	13	13	13	13	13	13	13	13	13	13	13	13	13	13	13	13	13	13	13	13	13
Unknown {0.0}	z	MA0255.2							7	7	7		11	11																																						
