>MOTIF 6-RAAAGCAGAAGTGA STREME-6
0.518897	0.022461	0.323416	0.135226
0.734350	0.029928	0.162470	0.073251
0.955004	0.000058	0.029928	0.015010
0.911924	0.003792	0.003792	0.080492
0.065023	0.000058	0.934843	0.000075
0.053085	0.739233	0.173266	0.034416
0.992341	0.003792	0.000058	0.003809
0.007542	0.000058	0.992324	0.000075
0.973672	0.003792	0.000058	0.022477
0.973672	0.011260	0.000058	0.015010
0.146100	0.177779	0.661111	0.015010
0.083979	0.055304	0.047099	0.813619
0.212137	0.116541	0.546015	0.125307
0.625833	0.091903	0.205279	0.076985
